# /sim/motor_data/time_float/data, /sim/motor_data/la_xyz_err/data/0, /sim/motor_data/time_float/data, /sim/motor_data/la_xyz_err/data/1, /sim/motor_data/time_float/data, /sim/motor_data/la_xyz_err/data/2
-0.0090000007078051558196, 0, -0.0090000007078051558196, 0, -0.0090000007078051558196, 0
0.090999999292194849732, 0.00093314008167341699895, 0.090999999292194849732, 0.00052514802479260332124, 0.090999999292194849732, 0.010671362158441333179
0.19099999929219485528, 0.0026400834999473210551, 0.19099999929219485528, 0.00081393278962456003245, 0.19099999929219485528, 0.019506256466937932359
0.29099999929219483308, 0.0040286674744365036371, 0.29099999929219483308, 0.0012270325692719397798, 0.29099999929219483308, 0.024170130456979688205
0.39099999929219486638, 0.0051625007541412915035, 0.39099999929219486638, 0.0012508777225669100164, 0.39099999929219486638, 0.026862268335278383091
0.49099999929219484418, 0.0056720988447817310973, 0.49099999929219484418, 0.0012004766504536117794, 0.49099999929219484418, 0.028041973351692561778
0.59099999929219482198, 0.0055711753924992113429, 0.59099999929219482198, 0.0015669028343041433576, 0.59099999929219482198, 0.028404566457840729754
0.69099999929219491079, 0.0052262856855772865661, 0.69099999929219491079, 0.00091304706903955375197, 0.69099999929219491079, 0.027897672991594513192
0.79099999929219488859, 0.0050429382692264990151, 0.79099999929219488859, 0.0017081745428127979858, 0.79099999929219488859, 0.027856781806270491941
0.89099999929219486638, 0.0052847525043770438025, 0.89099999929219486638, 0.00082730568410463965756, 0.89099999929219486638, 0.028053118204756088971
0.9909999992921949552, 0.0055963124149197296386, 0.9909999992921949552, 0.0017019230242908793549, 0.9909999992921949552, 0.028568788197554706443
1.090999999292194822, 0.0058102358412163712664, 1.090999999292194822, 0.00087513460672857673606, 1.090999999292194822, 0.028772200195342101381
1.1909999992921949108, 0.0056036484008350206931, 1.1909999992921949108, 0.0017033005619070170494, 1.1909999992921949108, 0.028696573595158758607
1.2909999992921947776, 0.0053443626357919937764, 1.2909999992921947776, 0.00072310916612998779596, 1.2909999992921947776, 0.028242250979875205275
1.3909999992921948664, 0.0051308392472057540168, 1.3909999992921948664, 0.0017061775274544357245, 1.3909999992921948664, 0.028093930986072157552
1.4909999992921949552, 0.0053005388519712925977, 1.4909999992921949552, 0.00073173738506477833954, 1.4909999992921949552, 0.028114890708156758947
1.590999999292194822, 0.0055707292526870899607, 1.590999999292194822, 0.0016554800032976910856, 1.590999999292194822, 0.028572804573061105771
1.6909999992921949108, 0.0057974295605314751789, 1.6909999992921949108, 0.00079973848973381549132, 1.6909999992921949108, 0.028787379772043486525
1.7909999992921947776, 0.005539020649009351871, 1.7909999992921947776, 0.0016679838799959056245, 1.7909999992921947776, 0.028601046420355658029
1.8909999992921948664, 0.0053335924543501944672, 1.8909999992921948664, 0.00066733481549284372203, 1.8909999992921948664, 0.028212493117351300498
1.9909999992921947332, 0.0051480602378049244994, 1.9909999992921947332, 0.0016673498148981058531, 1.9909999992921947332, 0.028089860361436791436
2.090999999292194822, 0.0054811402909025197516, 2.090999999292194822, 0.00075343353097914560201, 2.090999999292194822, 0.028355346584620466643
2.1909999992921949108, 0.0056353062289492550363, 2.1909999992921949108, 0.0016698017584867337615, 2.1909999992921949108, 0.028687751696370167309
2.2909999992921949996, 0.0056820606101308790414, 2.2909999992921949996, 0.00079566262900290091187, 2.2909999992921949996, 0.02860987170494433407
2.3909999992921950884, 0.0052907303445817732701, 2.3909999992921950884, 0.0017396880535028875353, 2.3909999992921950884, 0.028287821627398734847
2.4909999992921947332, 0.0052908485496931390024, 2.4909999992921947332, 0.00069759379539042175311, 2.4909999992921947332, 0.028100737639514372646
2.590999999292194822, 0.0054402197178652633713, 2.590999999292194822, 0.0016600604525069170142, 2.590999999292194822, 0.028393274876114649174
2.6909999992921949108, 0.0057139163793271385838, 2.6909999992921949108, 0.00079540313507067174348, 2.6909999992921949108, 0.02862834588525697832
2.7909999992921949996, 0.0053984821132686267031, 2.7909999992921949996, 0.0016994422683924217954, 2.7909999992921949996, 0.02836025969472766306
2.8909999992921950884, 0.0053678053906903444581, 2.8909999992921950884, 0.00065429457853808520307, 2.8909999992921950884, 0.028176904615292652778
2.9909999992921947332, 0.0054132347747408715577, 2.9909999992921947332, 0.0016041272209313985064, 2.9909999992921947332, 0.028330048790281781024
3.090999999292194822, 0.0055819634307368304338, 3.090999999292194822, 0.00068763089133408970832, 3.090999999292194822, 0.028391858364033240036
3.1909999992921949108, 0.0053402254679512373148, 3.1909999992921949108, 0.0016534812071643031212, 3.1909999992921949108, 0.028206065328993501495
3.2909999992921949996, 0.0054208183977003387977, 3.2909999992921949996, 0.00066811139455736669179, 3.2909999992921949996, 0.028173594278600333496
3.3909999992921950884, 0.005418223244060632604, 3.3909999992921950884, 0.0015935499267894816244, 3.3909999992921950884, 0.028295568186219366424
3.4909999992921947332, 0.0055380924950763910086, 3.4909999992921947332, 0.00067780327317133910736, 3.4909999992921947332, 0.028297070142802915882
3.590999999292194822, 0.0053173641930787940435, 3.590999999292194822, 0.0016965276941882777989, 3.590999999292194822, 0.028120687959620083163
3.6909999992921949108, 0.0054712172005480230741, 3.6909999992921949108, 0.00070676893440434034044, 3.6909999992921949108, 0.02819735651491472872
3.7909999992921949996, 0.0054066316351107090998, 3.7909999992921949996, 0.0016587911820458260681, 3.7909999992921949996, 0.028219428339625318714
3.8909999992921950884, 0.005505327212340233034, 3.8909999992921950884, 0.00067838505764748237292, 3.8909999992921950884, 0.028270761504481267679
3.9909999992921951772, 0.0053091345816441981587, 3.9909999992921951772, 0.0016858628045304385745, 3.9909999992921951772, 0.028084739846809814168
4.090999999292194822, 0.0054765023533672185785, 4.090999999292194822, 0.00069475414632837878548, 4.090999999292194822, 0.028208663881030826559
4.1909999992921953549, 0.0053560968582607171307, 4.1909999992921953549, 0.0016511768954431682577, 4.1909999992921953549, 0.028127629121723174421
4.2909999992921949996, 0.0055100975395543927426, 4.2909999992921949996, 0.00068421632475012400532, 4.2909999992921949996, 0.028257771738822157204
4.3909999992921946443, 0.0053056247717767068828, 4.3909999992921946443, 0.001683181500245720455, 4.3909999992921946443, 0.028061561412483726485
4.4909999992921951772, 0.0054616333690644391918, 4.4909999992921951772, 0.00068734415124441401723, 4.4909999992921951772, 0.02821049700401689897
4.590999999292194822, 0.0053505790282367682309, 4.590999999292194822, 0.0016401774309830596116, 4.590999999292194822, 0.028119913729065970642
4.6909999992921953549, 0.0055123085278015182542, 4.6909999992921953549, 0.00068568277985608938607, 4.6909999992921953549, 0.028279873646115394337
4.7909999992921949996, 0.0053052010730229581803, 4.7909999992921949996, 0.0016798554002449700429, 4.7909999992921949996, 0.0280466809713557641
4.8909999992921946443, 0.0054628537737572702149, 4.8909999992921946443, 0.00069224214293440826384, 4.8909999992921946443, 0.028228631486041155796
4.9909999992921951772, 0.005350077613513776198, 4.9909999992921951772, 0.001636812975177622323, 4.9909999992921951772, 0.028107624545712583952
5.090999999292194822, 0.0055107708799456978088, 5.090999999292194822, 0.00069050559874974000441, 5.090999999292194822, 0.02829990346766009246
5.1909999992921953549, 0.0053038080007383470171, 5.1909999992921953549, 0.0016694088225352125138, 5.1909999992921953549, 0.02802961187653529862
5.2909999992921949996, 0.0054637723293494977472, 5.2909999992921949996, 0.00070074482090485591679, 5.2909999992921949996, 0.02824718700121420234
5.3909999992921946443, 0.0053437635234451497102, 5.3909999992921946443, 0.0016276150417953074573, 5.3909999992921946443, 0.028084017743635447673
5.4909999992921951772, 0.0055085315835825543473, 5.4909999992921951772, 0.00070144440035709021419, 5.4909999992921951772, 0.028314521906886547242
5.590999999292194822, 0.00530315966342811973, 5.590999999292194822, 0.0016531706459658873642, 5.590999999292194822, 0.028012151006481689208
5.6909999992921953549, 0.0054610341814214369283, 5.6909999992921953549, 0.00071316803792044469734, 5.6909999992921953549, 0.028262518284482229802
5.7909999992921949996, 0.0053387374489047567661, 5.7909999992921949996, 0.0016116993405153705321, 5.7909999992921949996, 0.028063408067932060774
5.8909999992921946443, 0.0055059818271150084978, 5.8909999992921946443, 0.00071904738309484447778, 5.8909999992921946443, 0.028328428948992234737
5.9909999992921951772, 0.0053031562017591682423, 5.9909999992921951772, 0.0016302054103361583032, 5.9909999992921951772, 0.02799683983877621074
6.090999999292194822, 0.0054576696064538854358, 6.090999999292194822, 0.00073243132469697283526, 6.090999999292194822, 0.028276114500385807204
6.1909999992921953549, 0.0053349443454175915491, 6.1909999992921953549, 0.0015891627289761449393, 6.1909999992921953549, 0.028045724017420559093
