# /sim/motor_data/time_float/data, /sim/motor_data/torques/data/0, /sim/motor_data/time_float/data, /sim/motor_data/torques/data/1, /sim/motor_data/time_float/data, /sim/motor_data/torques/data/2, /sim/motor_data/time_float/data, /sim/motor_data/torques/data/3, /sim/motor_data/time_float/data, /sim/motor_data/torques/data/4
-0.0090000007078051558196, 0, -0.0090000007078051558196, 0, -0.0090000007078051558196, 0, -0.0090000007078051558196, 0, -0.0090000007078051558196, 0
0.090999999292194849732, 1.020433486778527854, 0.090999999292194849732, -11.656361013371128621, 0.090999999292194849732, -12.988912032768725524, 0.090999999292194849732, -31.579083036349562263, 0.090999999292194849732, 3.9039253269914464539
0.19099999929219485528, 0.9727688093491680954, 0.19099999929219485528, -10.319747218709260039, 0.19099999929219485528, -11.909853076576386144, 0.19099999929219485528, -39.364647236206323555, 0.19099999929219485528, 3.7302261638701406099
0.29099999929219483308, -0.28912503252353938255, 0.29099999929219483308, -18.285166207637704616, 0.29099999929219483308, -10.167995750533652455, 0.29099999929219483308, -48.853758741036578783, 0.29099999929219483308, 3.1676248241510585046
0.39099999929219486638, 0.52666681536749426762, 0.39099999929219486638, -12.001537875394550525, 0.39099999929219486638, -5.3666195326724874803, 0.39099999929219486638, -64.963568810450752267, 0.39099999929219486638, 5.4634021824869458683
0.49099999929219484418, -9.4433730218623352926, 0.49099999929219484418, -31.224367601739103861, 0.49099999929219484418, 1.3945753797711857302, 0.49099999929219484418, -69.241858327142296048, 0.49099999929219484418, 4.6933772408065728143
0.59099999929219482198, -2.022110050421413785, 0.59099999929219482198, -18.406465475244221608, 0.59099999929219482198, 11.303569016296794558, 0.59099999929219482198, -81.983300558935596314, 0.59099999929219482198, 6.5289956642714752633
0.69099999929219491079, -35.217036809247737494, 0.69099999929219491079, -40.759832971180664174, 0.69099999929219491079, 21.116768568645138515, 0.69099999929219491079, -80.132924123952463447, 0.69099999929219491079, 6.3185345166443189768
0.79099999929219488859, -38.662722739287296747, 0.79099999929219488859, -35.234413281262391138, 0.79099999929219488859, 32.685134407059599937, 0.79099999929219488859, -71.859060468169133173, 0.79099999929219488859, 3.6956559208930630511
0.89099999929219486638, -40.60104491193420273, 0.89099999929219486638, -29.840389607342537204, 0.89099999929219486638, 42.408570811604285211, 0.89099999929219486638, -55.976946893771795999, 0.89099999929219486638, -0.30709185626945700864
0.9909999992921949552, -42.312683114766123538, 0.9909999992921949552, -25.961098612645304939, 0.9909999992921949552, 50.641832921759181829, 0.9909999992921949552, -39.943469179589428109, 0.9909999992921949552, -1.5205315085346264858
1.090999999292194822, -38.645073254619106251, 1.090999999292194822, -19.86784672155413034, 1.090999999292194822, 41.249317100356343246, 1.090999999292194822, -27.665558565097153831, 1.090999999292194822, 0.24486071230056516423
1.1909999992921949108, -43.360610498977720795, 1.1909999992921949108, -16.500823384032266006, 1.1909999992921949108, 41.269981758089294033, 1.1909999992921949108, -26.687229109249944514, 1.1909999992921949108, 1.8205237249565036084
1.2909999992921947776, -57.587942356711771197, 1.2909999992921947776, -15.34098629902316091, 1.2909999992921947776, 41.945261628621928196, 1.2909999992921947776, -26.600477029279250729, 1.2909999992921947776, 1.3477124542574601129
1.3909999992921948664, -67.170526707588635418, 1.3909999992921948664, -14.42844243192560505, 1.3909999992921948664, 42.138234484183591633, 1.3909999992921948664, -25.963888261627417364, 1.3909999992921948664, 0.72250211064723612875
1.4909999992921949552, -67.375428703967187971, 1.4909999992921949552, -14.394544706781431387, 1.4909999992921949552, 42.528444566267403104, 1.4909999992921949552, -25.357427178903904519, 1.4909999992921949552, 0.65594389699170230212
1.590999999292194822, -67.56518298964250846, 1.590999999292194822, -14.401139244429458586, 1.590999999292194822, 42.864587361707549462, 1.590999999292194822, -24.911296144882030035, 1.590999999292194822, 0.61467882839694309993
1.6909999992921949108, -67.76223939025412335, 1.6909999992921949108, -14.439664174589124102, 1.6909999992921949108, 43.203741401339357253, 1.6909999992921949108, -24.496871293830349003, 1.6909999992921949108, 0.58108951876326497832
1.7909999992921947776, -46.974135108444031061, 1.7909999992921947776, -28.005928726994248734, 1.7909999992921947776, 59.818687065287392102, 1.7909999992921947776, 2.4485837908363095039, 1.7909999992921947776, 6.0657156207644264967
1.8909999992921948664, -66.381817792124707012, 1.8909999992921948664, -15.725808726088416734, 1.8909999992921948664, 50.596755632241013245, 1.8909999992921948664, -15.594849818280509979, 1.8909999992921948664, 5.3309327255414293845
1.9909999992921947332, -66.866519784937239024, 1.9909999992921947332, -15.764368779892171446, 1.9909999992921947332, 51.415576918580214283, 1.9909999992921947332, -15.417736986807309307, 1.9909999992921947332, 6.2562371841041946041
2.090999999292194822, -77.46733103164665124, 2.090999999292194822, -21.495883637802670307, 2.090999999292194822, 75.23184185772895205, 2.090999999292194822, -19.792128608650831012, 2.090999999292194822, 14.733277837895949247
2.1909999992921949108, -80.633750691257901622, 2.1909999992921949108, -30.379981960947095132, 2.1909999992921949108, 84.339922543232162866, 2.1909999992921949108, -26.834425562884547389, 2.1909999992921949108, 25.520161579352208747
2.2909999992921949996, -83.469209891639920329, 2.2909999992921949996, -42.743252178165576538, 2.2909999992921949996, 67.419500861078503817, 2.2909999992921949996, -48.89647490042639788, 2.2909999992921949996, 22.563268690293757146
2.3909999992921950884, 17.455266536580587911, 2.3909999992921950884, -11.374896901035917551, 2.3909999992921950884, 59.642595026304221051, 2.3909999992921950884, -56.420843676061259941, 2.3909999992921950884, 27.345332274385690141
2.4909999992921947332, 26.506120013611681685, 2.4909999992921947332, 6.7674272172938776393, 2.4909999992921947332, 46.556914464352516347, 2.4909999992921947332, -55.553619195289911659, 2.4909999992921947332, 25.481257362179178472
2.590999999292194822, -56.451645420950562482, 2.590999999292194822, -85.503294731673705087, 2.590999999292194822, 29.132855762933743904, 2.590999999292194822, -46.787872990387690209, 2.590999999292194822, 17.512011808820123093
2.6909999992921949108, -33.681929173355186435, 2.6909999992921949108, -79.792105590978621876, 2.6909999992921949108, 11.548125739872666884, 2.6909999992921949108, -43.634597045409627469, 2.6909999992921949108, 12.146822646783748567
2.7909999992921949996, 24.090392761579710879, 2.7909999992921949996, 67.552187302565172899, 2.7909999992921949996, 3.8286051059118921813, 2.7909999992921949996, -41.368236250530785014, 2.7909999992921949996, 9.6753988717299783673
2.8909999992921950884, -12.410005249650250647, 2.8909999992921950884, -87.087509615981730349, 2.8909999992921950884, -4.4226528407600644854, 2.8909999992921950884, -27.732625795472806374, 2.8909999992921950884, 3.6277183912144637112
2.9909999992921947332, 5.3132087687172599999, 2.9909999992921947332, 29.709124366490243574, 2.9909999992921947332, -7.2482906567290275035, 2.9909999992921947332, -32.852115214878850225, 2.9909999992921947332, 3.8101919469509391014
3.090999999292194822, 2.5267102320918066738, 3.090999999292194822, 4.551554526569927539, 3.090999999292194822, -9.2648562508323859532, 3.090999999292194822, -28.174078568139151457, 3.090999999292194822, 1.0718856187282139736
3.1909999992921949108, 4.4058424958611288602, 3.1909999992921949108, 18.452656642110543572, 3.1909999992921949108, -7.9025286481612848632, 3.1909999992921949108, -40.217291896907916282, 3.1909999992921949108, 4.3103687287461900368
3.2909999992921949996, -5.5860779069139452346, 3.2909999992921949996, -50.879567617381020739, 3.2909999992921949996, -4.0470505255301372216, 3.2909999992921949996, -40.940575575949949894, 3.2909999992921949996, 4.745503488528179048
3.3909999992921950884, 10.473838270519166826, 3.3909999992921950884, 16.228025931257214154, 3.3909999992921950884, 1.6913507220664127928, 3.3909999992921950884, -56.243516616575021771, 3.3909999992921950884, 8.4196430026174038375
3.4909999992921947332, 14.676050056792604437, 3.4909999992921947332, 11.8935810577374248, 3.4909999992921947332, 12.324170266416407671, 3.4909999992921947332, -65.214027096319895804, 3.4909999992921947332, 12.576270400532459703
3.590999999292194822, -28.096053707651453379, 3.590999999292194822, -49.570053030918614922, 3.590999999292194822, 26.581113312363658707, 3.590999999292194822, -66.742312537707690012, 3.590999999292194822, 17.195217268154951995
3.6909999992921949108, -52.045837868104889878, 3.6909999992921949108, -55.582785101505329806, 3.6909999992921949108, 40.608517634950430875, 3.6909999992921949108, -66.666329075845723651, 3.6909999992921949108, 21.590050300696375984
3.7909999992921949996, -55.508319733646814598, 3.7909999992921949996, -43.858626256321073811, 3.7909999992921949996, 52.92536673873877362, 3.7909999992921949996, -59.269421396262217172, 3.7909999992921949996, 21.4845347491317753
3.8909999992921950884, -57.325889930593426413, 3.8909999992921950884, -34.636283151755286269, 3.8909999992921950884, 66.162255770363955776, 3.8909999992921950884, -38.425480022030242822, 3.8909999992921950884, 19.364397914312348803
3.9909999992921951772, -7.6860071918062295993, 3.9909999992921951772, -35.12476068862336831, 3.9909999992921951772, 59.318733490400248343, 3.9909999992921951772, -25.15748763882406891, 3.9909999992921951772, 2.8976214996252966927
4.090999999292194822, 27.308336579329111515, 4.090999999292194822, -21.721423282663970156, 4.090999999292194822, 44.008376795615816945, 4.090999999292194822, -11.939338393284833373, 4.090999999292194822, 8.0476296241544496013
4.1909999992921953549, -61.590332175523855085, 4.1909999992921953549, 13.221329803025003713, 4.1909999992921953549, -17.719606519173552783, 4.1909999992921953549, -71.257153293377186287, 4.1909999992921953549, -8.9399659395368242798
4.2909999992921949996, 3.4516250381778013079, 4.2909999992921949996, -27.232241189986616803, 4.2909999992921949996, 61.308195488589674937, 4.2909999992921949996, 5.6225808916365815904, 4.2909999992921949996, 9.4192792112467085275
4.3909999992921946443, -8.2717882404282416786, 4.3909999992921946443, -20.929997374235338015, 4.3909999992921946443, 49.128905912929781152, 4.3909999992921946443, -5.8215110629370165896, 4.3909999992921946443, 5.6333395268456118998
4.4909999992921951772, -77.149679116579847005, 4.4909999992921951772, 9.2309769677211512828, 4.4909999992921951772, 4.6153773533307473897, 4.4909999992921951772, -56.894673609455608698, 4.4909999992921951772, -5.8824305290468039686
4.590999999292194822, -18.019080475608532765, 4.590999999292194822, -23.090839106859093022, 4.590999999292194822, 58.116139069872744471, 4.590999999292194822, -5.7508668572145440478, 4.590999999292194822, 9.3847980961798871391
4.6909999992921953549, 14.416265147323702678, 4.6909999992921953549, -33.084831482068473463, 4.6909999992921953549, 90.173869659450403446, 4.6909999992921953549, 19.118290784346505973, 4.6909999992921953549, 17.074835801633096111
4.7909999992921949996, 29.881981176698371172, 4.7909999992921949996, -24.87060611480956851, 4.7909999992921949996, 65.327118022458734004, 4.7909999992921949996, 4.0103787983234200354, 4.7909999992921949996, 8.1953122485611000769
4.8909999992921946443, 27.662547735923602943, 4.8909999992921946443, -25.073434071895938757, 4.8909999992921946443, 63.127828993431620574, 4.8909999992921946443, -0.51247352818607749825, 4.8909999992921946443, 10.130831450243372061
4.9909999992921951772, -41.826943185171685968, 4.9909999992921951772, -16.884081541721432274, 4.9909999992921951772, 55.022545287102829548, 4.9909999992921951772, -8.8658826715396852336, 4.9909999992921951772, 8.8096616901452495796
5.090999999292194822, -83.168704164484310581, 5.090999999292194822, -19.723487132875526129, 5.090999999292194822, 72.135740632343754442, 5.090999999292194822, -13.611398506988166446, 5.090999999292194822, 17.04688997435426856
5.1909999992921953549, -22.991253788478289266, 5.1909999992921953549, -23.543873020869920509, 5.1909999992921953549, 68.899359845984861295, 5.1909999992921953549, -30.861221444921032031, 5.1909999992921953549, 9.2304623672890802055
5.2909999992921949996, 48.605566414036573519, 5.2909999992921949996, -12.61681907638995348, 5.2909999992921949996, 62.663169594006419061, 5.2909999992921949996, -50.926581628963447201, 5.2909999992921949996, 2.8765681719827620455
5.3909999992921946443, -1.9795851124954939593, 5.3909999992921946443, -14.808371330819978695, 5.3909999992921946443, 62.367591800876596153, 5.3909999992921946443, -49.712510925653290883, 5.3909999992921946443, 15.689601404242786487
5.4909999992921951772, 42.784117766558324547, 5.4909999992921951772, 19.981091268611677947, 5.4909999992921951772, 57.76098068849722722, 5.4909999992921951772, -49.231982723987329109, 5.4909999992921951772, 16.317195489815986775
5.590999999292194822, 2.8805364044922971978, 5.590999999292194822, -0.54006515586461922851, 5.590999999292194822, 62.509461909270022772, 5.590999999292194822, -54.530609670446295922, 5.590999999292194822, 25.012965572240027257
5.6909999992921953549, -48.035990849237343525, 5.6909999992921953549, -100.81981617227596359, 5.6909999992921953549, 35.069875853056778681, 5.6909999992921953549, -38.016120879094394525, 5.6909999992921953549, 12.69012175826722455
5.7909999992921949996, -30.875369679860842353, 5.7909999992921949996, -94.087717811403791757, 5.7909999992921949996, 33.12453664456872815, 5.7909999992921949996, -25.07029566535523557, 5.7909999992921949996, 11.893383080190151446
5.8909999992921946443, -12.632206182020993879, 5.8909999992921946443, -69.616545228333762907, 5.8909999992921946443, 25.866991563824438316, 5.8909999992921946443, -17.597980486556334512, 5.8909999992921946443, 5.0575921275858544135
5.9909999992921951772, -8.8909638817968836833, 5.9909999992921951772, -92.270835008213211381, 5.9909999992921951772, 17.645663640367143188, 5.9909999992921951772, -13.316305306063297209, 5.9909999992921951772, 5.5696199527665157802
6.090999999292194822, -2.7365691010452564136, 6.090999999292194822, -71.727247717236181757, 6.090999999292194822, 12.869875393537178354, 6.090999999292194822, -12.099276592129271535, 6.090999999292194822, 2.306769891267547834
