# /sim/motor_data/time_float/data, /sim/motor_data/torques/data/11, /sim/motor_data/time_float/data, /sim/motor_data/torques/data/12, /sim/motor_data/time_float/data, /sim/motor_data/torques/data/13, /sim/motor_data/time_float/data, /sim/motor_data/torques/data/14
0.085999999403953558685, -1.6685581623350893565, 0.085999999403953558685, 0.0066661099804592796603, 0.085999999403953558685, 0.0035074864734334484581, 0.085999999403953558685, -0.87941263501150412907
0.18599999940395356424, -1.7949790823196523082, 0.18599999940395356424, 0.17418240459417927424, 0.18599999940395356424, 0.031301242663614343986, 0.18599999940395356424, -0.84989959466105080566
0.28599999940395354203, -1.8793516040677744616, 0.28599999940395354203, 0.29705198987239744834, 0.28599999940395354203, 0.0357102598090800194, 0.28599999940395354203, -0.88195968583007400277
0.38599999940395357534, -1.937681428150493268, 0.38599999940395357534, 0.35933948709544200062, 0.38599999940395357534, 0.031222408622531287042, 0.38599999940395357534, -0.94275801696568684029
0.48599999940395355313, -1.9826467323755132544, 0.48599999940395355313, 0.78860564034179403414, 0.48599999940395355313, 0.061051589207127929249, 0.48599999940395355313, -1.0388065707984621699
0.58599999940395353093, -2.1514717614110239197, 0.58599999940395353093, 0.88417534745134240826, 0.58599999940395353093, 0.067289763429206103651, 0.58599999940395353093, -1.1598450886456708187
0.68599999940395361975, -2.3070441030576960273, 0.68599999940395361975, 1.3507421337794800476, 0.68599999940395361975, 0.088510664296291008402, 0.68599999940395361975, -1.2935043444210190255
0.78599999940395359754, -2.6224006008077362928, 0.78599999940395359754, 1.5514615723155180671, 0.78599999940395359754, 0.088353544835270331204, 0.78599999940395359754, -1.4210375504718952833
0.88599999940395357534, -2.8605755071945564438, 0.88599999940395357534, 1.8451103623688156485, 0.88599999940395357534, 0.095781531357647137215, 0.88599999940395357534, -1.5225680316238212608
0.98599999940395366416, -3.0115194517310204247, 0.98599999940395366416, 2.0133879718501721534, 0.98599999940395366416, 0.092003772699577712757, 0.98599999940395366416, -1.5885001776019858077
1.0859999994039535309, -2.7897150423559611276, 1.0859999994039535309, 1.6838254890746955361, 1.0859999994039535309, 0.044622845679290014387, 1.0859999994039535309, -1.2968585654499042992
1.1859999994039536197, -2.7055494245167488465, 1.1859999994039536197, 1.6021241590017065715, 1.1859999994039536197, 0.038392628762623032257, 1.1859999994039536197, -1.227689239347500294
1.2859999994039534865, -2.7248519275106919402, 1.2859999994039534865, 1.5284278265120472273, 1.2859999994039534865, 0.028387578033236632313, 1.2859999994039534865, -1.203542157010362823
1.3859999994039535753, -2.7294333021546872686, 1.3859999994039535753, 1.4502524225064303831, 1.3859999994039535753, 0.020958757306627245898, 1.3859999994039535753, -1.1868752621543348091
1.4859999994039536642, -2.7332858663000405564, 1.4859999994039536642, 1.372777741419860309, 1.4859999994039536642, 0.015282553898158073025, 1.4859999994039536642, -1.1775112678816896938
1.5859999994039535309, -2.7445796839290861335, 1.5859999994039535309, 1.2929353354293471323, 1.5859999994039535309, 0.0083801230476965929417, 1.5859999994039535309, -1.1726408257560863024
1.6859999994039536197, -2.7596249882221073335, 1.6859999994039536197, 1.2160873937764176134, 1.6859999994039536197, 0.0014350560802792976245, 1.6859999994039536197, -1.1698838758385150527
1.7859999994039534865, -7.7327867171664426138, 1.7859999994039534865, -8.5771717925431989471, 1.7859999994039534865, -3.5883483007071537152, 1.7859999994039534865, -1.4145053401306149077
1.8859999994039535753, -8.2831897378637648899, 1.8859999994039535753, -2.9250061030934588757, 1.8859999994039535753, -3.6013965918861563509, 1.8859999994039535753, -2.3293450741801358106
1.9859999994039534421, -8.0465522864831839911, 1.9859999994039534421, -3.5089597200637476782, 1.9859999994039534421, -3.9858540156246418107, 1.9859999994039534421, -2.0477854065143632489
2.0859999994039535309, -10.537796679850035986, 2.0859999994039535309, -3.5455872315544008089, 2.0859999994039535309, -4.0073091791858885813, 2.0859999994039535309, -5.4301419232512522228
2.1859999994039536197, -17.864729988923034654, 2.1859999994039536197, -4.3127413396505422938, 2.1859999994039536197, -5.6725285268273051287, 2.1859999994039536197, -10.060191256094590528
2.2859999994039537086, -14.137232409390694698, 2.2859999994039537086, -4.2933325953900105532, 2.2859999994039537086, -4.1282763643811843934, 2.2859999994039537086, -8.332762803741694313
2.3859999994039537974, -11.742645077940782272, 2.3859999994039537974, -6.1738797102329368016, 2.3859999994039537974, -3.9086283081188044619, 2.3859999994039537974, -6.9330450554221831894
2.4859999994039534421, -11.7454150157999333, 2.4859999994039534421, -4.979632089737033418, 2.4859999994039534421, -3.4618542839543637868, 2.4859999994039534421, -7.5623831853042311479
2.5859999994039535309, -11.862841474552570986, 2.5859999994039535309, -3.9374325833300569677, 2.5859999994039535309, -3.0925026665414732108, 2.5859999994039535309, -7.6669527354298905308
2.6859999994039536197, -10.491646789892431713, 2.6859999994039536197, -3.8887643802827480677, 2.6859999994039536197, -2.750418779508917666, 2.6859999994039536197, -6.9848663913202351239
2.7859999994039537086, -9.4403722338357134447, 2.7859999994039537086, -4.136638742392297452, 2.7859999994039537086, -2.500174594345114798, 2.7859999994039537086, -6.4641267731659883822
2.8859999994039537974, -8.4907107396660421728, 2.8859999994039537974, -3.8179294763136444324, 2.8859999994039537974, -2.1329581995745940937, 2.8859999994039537974, -6.0749138662107178277
2.9859999994039534421, -7.8137665209476594441, 2.9859999994039534421, -3.5901529174196853411, 2.9859999994039534421, -2.1260017897096061823, 2.9859999994039534421, -5.5100968090014843526
3.0859999994039535309, -8.826423769604371472, 3.0859999994039535309, -3.8449658792893037784, 3.0859999994039535309, -2.2111900889221427491, 3.0859999994039535309, -7.9429077005914230369
3.1859999994039536197, -10.147304546656421564, 3.1859999994039536197, -3.8143561992098233837, 3.1859999994039536197, -2.3997752621167331988, 3.1859999994039536197, -9.173018812113006959
3.2859999994039537086, -10.513760743240771589, 3.2859999994039537086, -4.5547409131161664675, 3.2859999994039537086, -3.2504861554361421661, 3.2859999994039537086, -9.4578115591418452368
3.3859999994039537974, -10.28006552543341634, 3.3859999994039537974, -3.4915563889706402456, 3.3859999994039537974, -3.0556339645415131479, 3.3859999994039537974, -8.5955910277136862163
3.4859999994039534421, -11.817447206776121149, 3.4859999994039534421, -3.3601057084186014556, 3.4859999994039534421, -2.5097801274160409513, 3.4859999994039534421, -9.0002000179864722895
3.5859999994039535309, -12.212407516818432285, 3.5859999994039535309, -3.7940399184240258812, 3.5859999994039535309, -3.6071348056150109862, 3.5859999994039535309, -8.0451322287442508241
3.6859999994039536197, -10.774021945616315321, 3.6859999994039536197, -2.8213225754509605459, 3.6859999994039536197, -3.5403241489002663656, 3.6859999994039536197, -6.3808119250804118394
3.7859999994039537086, -11.240249613730316725, 3.7859999994039537086, -3.5997093181026422748, 3.7859999994039537086, -4.5138208977574860725, 3.7859999994039537086, -5.9177769454681694583
3.8859999994039537974, -12.40929247307200356, 3.8859999994039537974, -2.9814848664136603951, 3.8859999994039537974, -4.6363416915296733478, 3.8859999994039537974, -4.528113914748908897
3.9859999994039538862, -10.986144909822280979, 3.9859999994039538862, -2.7940971997524464143, 3.9859999994039538862, -4.6096466905273176806, 3.9859999994039538862, -3.7613944002622154983
4.0859999994039535309, -12.246119856516941127, 4.0859999994039535309, -2.8610106635362013705, 4.0859999994039535309, -5.3058189346177018209, 4.0859999994039535309, -3.2513787681624659598
4.1859999994039540638, -12.689987507072769901, 4.1859999994039540638, -1.1016388181195373441, 4.1859999994039540638, -3.8669421629434643783, 4.1859999994039540638, -3.7030617332703723577
4.2859999994039537086, -13.590605535312196395, 4.2859999994039537086, -0.879607332797355701, 4.2859999994039537086, -4.4790751628701546139, 4.2859999994039537086, -3.6523381393288043562
4.3859999994039533533, -13.414378845447403776, 4.3859999994039533533, -0.99842894027257789169, 4.3859999994039533533, -4.0472324489009405823, 4.3859999994039533533, -3.9592362397990674694
4.4859999994039538862, -14.440295062478018195, 4.4859999994039538862, -0.93456238925361068137, 4.4859999994039538862, -4.778953184896439943, 4.4859999994039538862, -4.1968923762645182762
4.5859999994039535309, -14.199658220316333512, 4.5859999994039535309, -0.34035531762868054262, 4.5859999994039535309, -4.0962263625426933444, 4.5859999994039535309, -4.1667621059796227101
4.6859999994039540638, -13.801650916653645851, 4.6859999994039540638, 1.3124682682584947191, 4.6859999994039540638, -3.0193663993980490723, 4.6859999994039540638, -4.2874781224145941394
4.7859999994039537086, -13.953191051637368503, 4.7859999994039537086, 3.0558004401562155472, 4.7859999994039537086, -2.9423096859660140545, 4.7859999994039537086, -4.2628035246316580142
4.8859999994039533533, -14.980200949667494825, 4.8859999994039533533, -0.86544576898451008873, 4.8859999994039533533, -5.1038717070334982395, 4.8859999994039533533, -4.070388251115028666
4.9859999994039538862, -13.724765781484995486, 4.9859999994039538862, 1.2851311098275723932, 4.9859999994039538862, -2.6837146813232748421, 4.9859999994039538862, -4.1486951015048152414
5.0859999994039535309, -13.056952110882750873, 5.0859999994039535309, 1.6246164693493825304, 5.0859999994039535309, -2.9964117762708148973, 5.0859999994039535309, -3.7566348793577053478
5.1859999994039540638, -13.876780563158629178, 5.1859999994039540638, 0.74215551219240916136, 5.1859999994039540638, -3.922626572087368757, 5.1859999994039540638, -3.6136046510660246867
5.2859999994039537086, -13.087571045561062988, 5.2859999994039537086, 0.91676601880509345222, 5.2859999994039537086, -3.3618369183699847724, 5.2859999994039537086, -3.721003943437847461
5.3859999994039533533, -9.4887255375086709819, 5.3859999994039533533, 6.7198311862203947697, 5.3859999994039533533, 2.648719314033552763, 5.3859999994039533533, -3.0537533631449509386
5.4859999994039538862, -13.73416510720878847, 5.4859999994039538862, 3.81860914378111449, 5.4859999994039538862, -3.3176915808393014906, 5.4859999994039538862, -4.786048232058014662
5.5859999994039535309, -12.173592210494650345, 5.5859999994039535309, -3.3454836197428226008, 5.5859999994039535309, -6.2737033489016802434, 5.5859999994039535309, -3.379829649730511143
5.6859999994039540638, -12.019769325187908748, 5.6859999994039540638, 1.8497768448445248701, 5.6859999994039540638, -1.0593208018770958745, 5.6859999994039540638, -4.3156364871147774309
5.7859999994039537086, -11.832676805639760431, 5.7859999994039537086, 1.5481282959120274967, 5.7859999994039537086, -2.3716240323890884767, 5.7859999994039537086, -4.4763781526651200693
5.8859999994039533533, -11.701212481159526391, 5.8859999994039533533, 3.8274200745059108186, 5.8859999994039533533, -1.0883079027792526006, 5.8859999994039533533, -4.3423317296914829555
5.9859999994039538862, -12.794646681701276947, 5.9859999994039538862, 0.12658859177358328107, 5.9859999994039538862, -3.2673647352346004702, 5.9859999994039538862, -4.2487292841674468846
6.0859999994039535309, -10.522156011362389094, 6.0859999994039535309, 3.7107106814538819428, 6.0859999994039535309, -0.10943356804081061373, 6.0859999994039535309, -4.3965942704733853574
6.1859999994039540638, -8.2723988711781579752, 6.1859999994039540638, 6.4396871046874784028, 6.1859999994039540638, 3.2210082316012633719, 6.1859999994039540638, -4.4116762732016692183
6.2859999994039537086, -3.1673603011188804501, 6.2859999994039537086, 0.75647922482628571217, 6.2859999994039537086, -0.080852076793872879046, 6.2859999994039537086, -0.75151028854730417272
6.3859999994039533533, -3.4383673764647002535, 6.3859999994039533533, 1.123743639520712545, 6.3859999994039533533, -0.04065090199468220783, 6.3859999994039533533, -0.62867242364134845456
6.4859999994039538862, -3.2781994402876386552, 6.4859999994039538862, 0.37827568560312652135, 6.4859999994039538862, -0.25216872862156297641, 6.4859999994039538862, -0.62235847805664801236
6.5859999994039535309, -3.2516723063841950214, 6.5859999994039535309, 1.4254995843031568192, 6.5859999994039535309, -0.029540254287582178722, 6.5859999994039535309, -0.66865268140089961779
6.6859999994039540638, -3.350967884426797383, 6.6859999994039540638, 1.2586966002004407184, 6.6859999994039540638, -0.12242135000980164383, 6.6859999994039540638, -0.68579162902359525056
6.7859999994039537086, -3.3532987192206791249, 6.7859999994039537086, 1.3339327075403626388, 6.7859999994039537086, -0.1478985175338450031, 6.7859999994039537086, -0.69094606514091927441
6.8859999994039533533, -3.3933045236664671762, 6.8859999994039533533, 1.3465299827032639612, 6.8859999994039533533, -0.19124883667134290333, 6.8859999994039533533, -0.69249501680650915603
6.9859999994039538862, -3.4009063265007299925, 6.9859999994039538862, 1.3491180756681784292, 6.9859999994039538862, -0.21554603015538525979, 6.9859999994039538862, -0.69505937769716596986
7.0859999994039535309, -3.221853729129022792, 7.0859999994039535309, 1.2703955094329582032, 7.0859999994039535309, -0.21374127763790584655, 7.0859999994039535309, -0.74989388417349978067
7.1859999994039540638, -3.1760457126013328377, 7.1859999994039540638, 1.233440498996918544, 7.1859999994039540638, -0.21880551639222839411, 7.1859999994039540638, -0.75617485934671735404
7.2859999994039537086, -3.1596996680289786141, 7.2859999994039537086, 1.1777091168281423883, 7.2859999994039537086, -0.22640920025822314221, 7.2859999994039537086, -0.75288590127294152676
7.3859999994039533533, -3.1425875240643503794, 7.3859999994039533533, 1.1486632716517046759, 7.3859999994039533533, -0.22169229933657141896, 7.3859999994039533533, -0.74219144150007654304
7.4859999994039538862, -3.1285590272311543103, 7.4859999994039538862, 1.1324393525584588449, 7.4859999994039538862, -0.20884531363822919636, 7.4859999994039538862, -0.72979817543718938921
7.5859999994039535309, -3.1689469641769831831, 7.5859999994039535309, 1.1052107309226839593, 7.5859999994039535309, -0.19838596558367543876, 7.5859999994039535309, -0.70824378416810873649
7.6859999994039540638, -3.1982903854551159029, 7.6859999994039540638, 1.1482627955189876889, 7.6859999994039540638, -0.17257294705111347888, 7.6859999994039540638, -0.69275612865909885763
7.7859999994039537086, -3.1884124816004963954, 7.7859999994039537086, 1.0618812993346338214, 7.7859999994039537086, -0.17456760260377379712, 7.7859999994039537086, -0.68272710623311250178
7.8859999994039533533, -3.182672337592880929, 7.8859999994039533533, 1.2028114963469764831, 7.8859999994039533533, -0.11791507343958010368, 7.8859999994039533533, -0.6793119417399888782
7.985999999403952998, -3.2516098249000449094, 7.985999999403952998, 1.2421074481260709899, 7.985999999403952998, -0.11484606569110444863, 7.985999999403952998, -0.65939569078516102607
8.0859999994039544191, -3.0531440757193957225, 8.0859999994039544191, 1.0250676146235673247, 8.0859999994039544191, -0.1227980523246421235, 8.0859999994039544191, -0.72930243951628803689
8.1859999994039540638, -3.0208334149709075156, 8.1859999994039540638, 1.118123805935433035, 8.1859999994039540638, -0.10165033553889991913, 8.1859999994039540638, -0.72461111755630835951
8.2859999994039537086, -2.9703708360365159713, 8.2859999994039537086, 1.176618407296514901, 8.2859999994039537086, -0.083182269146496179424, 8.2859999994039537086, -0.72738779243766182869
