# /sim/motor_data/time_float/data, /sim/motor_data/positions/data/0, /sim/motor_data/time_float/data, /sim/motor_data/positions/data/1, /sim/motor_data/time_float/data, /sim/motor_data/positions/data/2, /sim/motor_data/time_float/data, /sim/motor_data/positions/data/3, /sim/motor_data/time_float/data, /sim/motor_data/positions/data/4
0.085999999403953558685, 0.00068988957898219991933, 0.085999999403953558685, 0.00202262374244007977, 0.085999999403953558685, -0.31688909846519186519, 0.085999999403953558685, 0.81994322590926616012, 0.085999999403953558685, -0.46838880100255164685
0.18599999940395356424, 0.0014000893066519410138, 0.18599999940395356424, 0.0027783134419735885066, 0.18599999940395356424, -0.4439917769620814747, 0.18599999940395356424, 1.0021864434048541881, 0.18599999940395356424, -0.55042071718910468014
0.28599999940395354203, 0.0018915210568846898415, 0.28599999940395354203, 0.0041096512763201314619, 0.28599999940395354203, -0.66485901882233611193, 0.28599999940395354203, 1.2926201499045650856, 0.28599999940395354203, -0.67408360215029294871
0.38599999940395357534, 0.0015161868499283222625, 0.38599999940395357534, 0.0026219166790324892682, 0.38599999940395357534, -0.94462475330040140964, 0.38599999940395357534, 1.6130828411549100743, 0.38599999940395357534, -0.79466389414897187216
0.48599999940395355313, 4.6499482935221499657e-05, 0.48599999940395355313, 0.004797265387614739994, 0.48599999940395355313, -1.2687744345310529859, 0.48599999940395355313, 1.9254346950155727392, 0.48599999940395355313, -0.88292838378862747994
0.58599999940395353093, -0.0026895425843803132983, 0.58599999940395353093, 0.0034648903186645469907, 0.58599999940395353093, -1.6319904589240930015, 0.58599999940395353093, 2.2043702289429178975, 0.58599999940395353093, -0.9101376098065179221
0.68599999940395361975, -0.0060731761039724344031, 0.68599999940395361975, 0.0080811522866048226404, 0.68599999940395361975, -2.0315464068499484718, 0.68599999940395361975, 2.4253271106472711338, 0.68599999940395361975, -0.84430840173470822485
0.78599999940395359754, -0.010441573035492148283, 0.78599999940395359754, 0.010579435899365970467, 0.78599999940395359754, -2.4494919537969974677, 0.78599999940395359754, 2.570160513187664808, 0.78599999940395359754, -0.67471178435076595292
0.88599999940395357534, -0.013792256191306919225, 0.88599999940395357534, 0.015727823026056929334, 0.88599999940395357534, -2.8116324195888746651, 0.88599999940395357534, 2.6365140368001740434, 0.88599999940395357534, -0.46302785315375311059
0.98599999940395366416, -0.016928290499163504285, 0.98599999940395366416, 0.02064759558490882746, 0.98599999940395366416, -3.0215430842419421786, 0.98599999940395366416, 2.6502125094138651029, 0.98599999940395366416, -0.32300896340917290006
1.0859999994039535309, -0.019800925159091656985, 1.0859999994039535309, 0.024373570689704030651, 1.0859999994039535309, -3.0671034899006359709, 1.0859999994039535309, 2.6392107877990338416, 1.0859999994039535309, -0.29538123844922964389
1.1859999994039536197, -0.021742541727595880025, 1.1859999994039536197, 0.027244974887845253841, 1.1859999994039536197, -3.0703381738757959951, 1.1859999994039536197, 2.6298295225132410913, 1.1859999994039536197, -0.29829061092117792331
1.2859999994039534865, -0.02393700545275129557, 1.2859999994039534865, 0.02992089897968040757, 1.2859999994039534865, -3.0736888404626778737, 1.2859999994039534865, 2.6258783135700980438, 1.2859999994039534865, -0.29904951297057158488
1.3859999994039535753, -0.026093888766274334762, 1.3859999994039535753, 0.03272030228178263167, 1.3859999994039535753, -3.0761035173387885067, 1.3859999994039535753, 2.6230569500169247377, 1.3859999994039535753, -0.29809477598060096781
1.4859999994039536642, -0.028160537806795341714, 1.4859999994039536642, 0.035365123617985001758, 1.4859999994039536642, -3.0767757516838143417, 1.4859999994039536642, 2.6211213079056174813, 1.4859999994039536642, -0.29777975200508582931
1.5859999994039535309, -0.030128672211046168827, 1.5859999994039535309, 0.037864247299094391797, 1.5859999994039535309, -3.0766032832934038233, 1.5859999994039535309, 2.6197630751071918631, 1.5859999994039535309, -0.2978245087041521133
1.6859999994039536197, -0.031982263943225668068, 1.6859999994039536197, 0.040242043481779364578, 1.6859999994039536197, -3.0760873683414011737, 1.6859999994039536197, 2.618702106862040857, 1.6859999994039536197, -0.29794804597756446851
1.7859999994039534865, -0.033725482290635488969, 1.7859999994039534865, 0.042471304272361780352, 1.7859999994039534865, -3.0754208042954052083, 1.7859999994039534865, 2.6178219487307643476, 1.7859999994039534865, -0.29810351761662390313
1.8859999994039535753, -0.03493344722661190227, 1.8859999994039535753, 0.044058552386117048882, 1.8859999994039535753, -3.0751685005883002688, 1.8859999994039535753, 2.6173018320338696796, 1.8859999994039535753, -0.29789803472531911632
1.9859999994039534421, -0.035776870702382806977, 1.9859999994039534421, 0.045159282654620117037, 1.9859999994039534421, -3.0761889992860407261, 1.9859999994039534421, 2.6171189839567250424, 1.9859999994039534421, -0.2969017811033372034
2.0859999994039535309, -0.03675777160790234116, 2.0859999994039535309, 0.046241241839461592888, 2.0859999994039535309, -3.048611427938498597, 2.0859999994039535309, 2.6154969724489283145, 2.0859999994039535309, -0.31744716435502773333
2.1859999994039536197, -0.036645440290894094881, 2.1859999994039536197, 0.046316437594265777444, 2.1859999994039536197, -2.8838273143532955345, 2.1859999994039536197, 2.5884560752927896488, 2.1859999994039536197, -0.42857731114514041604
2.2859999994039537086, -0.0366179359728511164, 2.2859999994039537086, 0.045710953462601330854, 2.2859999994039537086, -2.5821211892176387792, 2.2859999994039537086, 2.5109802442839939118, 2.2859999994039537086, -0.60008252869965095222
2.3859999994039537974, -0.037130811267848840007, 2.3859999994039537974, 0.036113853576802683321, 2.3859999994039537974, -2.2145455721002722527, 2.3859999994039537974, 2.3689608473508294573, 2.3859999994039537974, -0.74663588413133674671
2.4859999994039534421, -0.033681184175543832371, 2.4859999994039534421, 0.024618185056738989269, 2.4859999994039534421, -1.8370412872832166951, 2.4859999994039534421, 2.1613637882521339328, 2.4859999994039534421, -0.81624415219237822505
2.5859999994039535309, -0.028961711353999993607, 2.5859999994039535309, 0.018010050308716746281, 2.5859999994039535309, -1.4714878799899142603, 2.5859999994039535309, 1.899853063006224918, 2.5859999994039535309, -0.80756384386911150841
2.6859999994039536197, -0.025725154161227736099, 2.6859999994039536197, 0.0099246012783411191593, 2.6859999994039536197, -1.1275524443786537621, 2.6859999994039536197, 1.6040087716837361231, 2.6859999994039536197, -0.7415646030604379213
2.7859999994039537086, -0.023767853521562219005, 2.7859999994039537086, 0.0053840371188137925093, 2.7859999994039537086, -0.8166091588670872925, 2.7859999994039537086, 1.2969476740733880682, 2.7859999994039537086, -0.64112183516346910039
2.8859999994039537974, -0.022738171572195917114, 2.8859999994039537974, 0.0055567481063008867387, 2.8859999994039537974, -0.55893567662628984571, 2.8859999994039537974, 1.016279277378221213, 2.8859999994039537974, -0.53354046670483934456
2.9859999994039534421, -0.023111689856022330641, 2.9859999994039534421, 0.0024499283676967533417, 2.9859999994039534421, -0.39083841742987490697, 2.9859999994039534421, 0.82894129295493967913, 2.9859999994039534421, -0.45760712523296515064
3.0859999994039535309, -0.022973548953139358991, 3.0859999994039535309, 0.0029171305762424257213, 3.0859999994039535309, -0.33854266423276180298, 3.0859999994039535309, 0.79510959792112245736, 3.0859999994039535309, -0.44756891420117222991
3.1859999994039536197, -0.023748247932196278609, 3.1859999994039536197, 0.00083449919855741686719, 3.1859999994039536197, -0.32194704663687778723, 3.1859999994039536197, 0.79849838283204987999, 3.1859999994039536197, -0.4525636672581655473
3.2859999994039537086, -0.024057049812849892051, 3.2859999994039537086, 0.0022785527760568499538, 3.2859999994039537086, -0.31048934503329833623, 3.2859999994039537086, 0.79525268204615884304, 3.2859999994039537086, -0.45283238607733167225
3.3859999994039537974, -0.025389711842739259157, 3.3859999994039537974, -9.3739754409754926607e-05, 3.3859999994039537974, -0.30452783456624610281, 3.3859999994039537974, 0.79308421183737365379, 3.3859999994039537974, -0.45251888941759765839
3.4859999994039534421, -0.026364943213467443434, 3.4859999994039534421, 0.0021401571442149565534, 3.4859999994039534421, -0.30055127818819116214, 3.4859999994039534421, 0.79026674647661554474, 3.4859999994039534421, -0.45147155096349400605
3.5859999994039535309, -0.028722768600930651678, 3.5859999994039535309, -0.00024470590044888142862, 3.5859999994039535309, -0.29907150350963701557, 3.5859999994039535309, 0.78966440497570378199, 3.5859999994039535309, -0.45116780978746934272
3.6859999994039536197, -0.030193638979454876653, 3.6859999994039536197, 0.0015521914884928499773, 3.6859999994039536197, -0.29838703122705539927, 3.6859999994039536197, 0.78950643448863333518, 3.6859999994039536197, -0.45105780542850493209
3.7859999994039537086, -0.032732780464792610164, 3.7859999994039537086, -0.0002337511952767044258, 3.7859999994039537086, -0.29860210610255893959, 3.7859999994039537086, 0.78998262564275389952, 3.7859999994039537086, -0.45105436667740045342
3.8859999994039537974, -0.035305511860954708059, 3.8859999994039537974, -0.00098974624034331177419, 3.8859999994039537974, -0.29899804057102885579, 3.8859999994039537974, 0.79068306681052480389, 3.8859999994039537974, -0.45123983251669025352
3.9859999994039538862, -0.037478618885108672121, 3.9859999994039538862, 0.00058218082601768021255, 3.9859999994039538862, -0.29991637925176878321, 3.9859999994039538862, 0.79174001523283699111, 3.9859999994039538862, -0.4514490349488576304
4.0859999994039535309, -0.040896041407034344761, 4.0859999994039535309, -0.0021083718788620529547, 4.0859999994039535309, -0.30382983917996464474, 4.0859999994039535309, 0.79357981283621292778, 4.0859999994039535309, -0.45160705282266461191
4.1859999994039540638, -0.043202510116447767619, 4.1859999994039540638, -0.00060265373173106634181, 4.1859999994039540638, -0.31851968472435709945, 4.1859999994039540638, 0.79718414024974293408, 4.1859999994039540638, -0.45080987962355806298
4.2859999994039537086, -0.045573441454234073222, 4.2859999994039537086, -0.0011768342982460154242, 4.2859999994039537086, -0.34698431527218398518, 4.2859999994039537086, 0.8034667038646656767, 4.2859999994039537086, -0.44887352027169263868
4.3859999994039533533, -0.048414827969992253742, 4.3859999994039533533, -0.00039800592202813623623, 4.3859999994039533533, -0.38826932029261362889, 4.3859999994039533533, 0.81164779721722080108, 4.3859999994039533533, -0.44563095436343463929
4.4859999994039538862, -0.050402160161128028992, 4.4859999994039538862, 0.0013650693209843901138, 4.4859999994039538862, -0.43911843913009962481, 4.4859999994039538862, 0.81998979602318933235, 4.4859999994039538862, -0.44053128474668595826
4.5859999994039535309, -0.054282707142626750174, 4.5859999994039535309, -0.00054392518095926472438, 4.5859999994039535309, -0.49463560811716755783, 4.5859999994039535309, 0.82691518966744015362, 4.5859999994039535309, -0.4336021855815376802
4.6859999994039540638, -0.057421119013109082896, 4.6859999994039540638, 0.0025333947266015311231, 4.6859999994039540638, -0.54926797384522496603, 4.6859999994039540638, 0.83083477490154622469, 4.6859999994039540638, -0.4249376611640287571
4.7859999994039537086, -0.062921321199909618915, 4.7859999994039537086, 0.0015713432332129849498, 4.7859999994039537086, -0.59850423054733137285, 4.7859999994039537086, 0.83269357724716852598, 4.7859999994039537086, -0.41605720431918313817
4.8859999994039533533, -0.074036295496495319046, 4.8859999994039533533, 0.0038209960051459931213, 4.8859999994039533533, -0.63807603853808780858, 4.8859999994039533533, 0.83308483319688586555, 4.8859999994039533533, -0.40863722527356527436
4.9859999994039538862, -0.085403181220103319138, 4.9859999994039538862, 0.0099440219012932404979, 4.9859999994039538862, -0.66350190775293660383, 4.9859999994039538862, 0.83489996275056466146, 4.9859999994039538862, -0.4057953143862788048
5.0859999994039535309, -0.08993836753966993891, 5.0859999994039535309, 0.008612708815213853189, 5.0859999994039535309, -0.67328560768211132004, 5.0859999994039535309, 0.83023913771833834918, 5.0859999994039535309, -0.40132459494094296915
5.1859999994039540638, -0.093586827835037189605, 5.1859999994039540638, 0.0093858196218173615966, 5.1859999994039540638, -0.6794934047096387042, 5.1859999994039540638, 0.82855901103517903827, 5.1859999994039540638, -0.3985951936936849016
5.2859999994039537086, -0.10019478157117950312, 5.2859999994039537086, 0.0088610377208942353588, 5.2859999994039537086, -0.68355503142607842992, 5.2859999994039537086, 0.82834896381353473327, 5.2859999994039537086, -0.39745686938998453508
5.3859999994039533533, -0.086856317491072851378, 5.3859999994039533533, 0.031398800843597654553, 5.3859999994039533533, -0.69622430535829205045, 5.3859999994039533533, 0.83380729175699941358, 5.3859999994039533533, -0.39519202609930687009
5.4859999994039538862, -0.090534481117900134084, 5.4859999994039538862, 0.028199106892200863361, 5.4859999994039538862, -0.68972430669270734516, 5.4859999994039538862, 0.82080244816515557371, 5.4859999994039538862, -0.39173420590676205633
5.5859999994039535309, -0.11560769842360235637, 5.5859999994039535309, 0.01343837304799427694, 5.5859999994039535309, -0.68840793649437004298, 5.5859999994039535309, 0.83143651193350953665, 5.5859999994039535309, -0.40227122981518065314
5.6859999994039540638, -0.1069117773839089458, 5.6859999994039540638, 0.02957106789103762165, 5.6859999994039540638, -0.68812261726398704642, 5.6859999994039540638, 0.83988466075109169395, 5.6859999994039540638, -0.40804174397139408859
5.7859999994039537086, -0.13501590990546047388, 5.7859999994039537086, 0.039238650289007900862, 5.7859999994039537086, -0.67894246322421136774, 5.7859999994039537086, 0.82709024282285148466, 5.7859999994039537086, -0.40516033362860176537
5.8859999994039533533, -0.15399376382843593669, 5.8859999994039533533, 0.036730527803849631618, 5.8859999994039533533, -0.67372901047999589341, 5.8859999994039533533, 0.82168116910397626107, 5.8859999994039533533, -0.40489291441428965079
5.9859999994039538862, -0.16548609403117714445, 5.9859999994039538862, 0.031806518555212055788, 5.9859999994039538862, -0.67288427250362259358, 5.9859999994039538862, 0.82251471441142176566, 5.9859999994039538862, -0.40574602538344639591
6.0859999994039535309, -0.16908235625871365082, 6.0859999994039535309, 0.038111258069774167634, 6.0859999994039535309, -0.67092798310498347192, 6.0859999994039535309, 0.82034212279053553285, 6.0859999994039535309, -0.40440030567134854778
6.1859999994039540638, -0.17515862600900794499, 6.1859999994039540638, 0.038102106105304817119, 6.1859999994039540638, -0.67105241429701456557, 6.1859999994039540638, 0.82002428873316712821, 6.1859999994039540638, -0.40356368160218814012
6.2859999994039537086, -0.18005758613154126957, 6.2859999994039537086, 0.038951780848078265684, 6.2859999994039537086, -0.67031982860001626534, 6.2859999994039537086, 0.81927986727624946273, 6.2859999994039537086, -0.40273091293694207593
6.3859999994039533533, -0.18380833092123977091, 6.3859999994039533533, 0.040310679354718437217, 6.3859999994039533533, -0.67061415088923637118, 6.3859999994039533533, 0.81925911292584929768, 6.3859999994039533533, -0.4020220203104216683
6.4859999994039538862, -0.18761688084908995089, 6.4859999994039538862, 0.042631074959598766472, 6.4859999994039538862, -0.67011582282819193157, 6.4859999994039538862, 0.8189558642370903252, 6.4859999994039538862, -0.40143633113526505651
6.5859999994039535309, -0.19692087330366542242, 6.5859999994039535309, 0.041708803431561185249, 6.5859999994039535309, -0.66945625230822636276, 6.5859999994039535309, 0.81765671423204810964, 6.5859999994039535309, -0.40050261125992875355
6.6859999994039540638, -0.20215364398743945751, 6.6859999994039540638, 0.039755781100208477385, 6.6859999994039540638, -0.66922419930110643715, 6.6859999994039540638, 0.81696556360833583188, 6.6859999994039540638, -0.39964958901898933741
6.7859999994039537086, -0.20746070167710067844, 6.7859999994039537086, 0.040070053193530213997, 6.7859999994039537086, -0.66896524368111587311, 6.7859999994039537086, 0.81613341024055707784, 6.7859999994039537086, -0.39855104554908643566
6.8859999994039533533, -0.21337294706668080702, 6.8859999994039533533, 0.041695208488110153955, 6.8859999994039533533, -0.66877877097494264902, 6.8859999994039533533, 0.81535195156890682977, 6.8859999994039533533, -0.39728999318770613636
6.9859999994039538862, -0.21933326570519012799, 6.9859999994039538862, 0.040637710243668592747, 6.9859999994039538862, -0.6692330049880192977, 6.9859999994039538862, 0.8149713357147905235, 6.9859999994039538862, -0.3961258885386079176
7.0859999994039535309, -0.22571207727534320364, 7.0859999994039535309, 0.038806881190528351444, 7.0859999994039535309, -0.6672176097481335999, 7.0859999994039535309, 0.81460440124929600625, 7.0859999994039535309, -0.39551778411970617277
7.1859999994039540638, -0.23220017296221145964, 7.1859999994039540638, 0.037448117437662534202, 7.1859999994039540638, -0.65542626532654801874, 7.1859999994039540638, 0.81481838693525165951, 7.1859999994039540638, -0.39720720140397347553
7.2859999994039537086, -0.23855160390813529014, 7.2859999994039537086, 0.035233652671432864889, 7.2859999994039537086, -0.63167970387998784165, 7.2859999994039537086, 0.81586442935139036337, 7.2859999994039537086, -0.40188822591088368963
7.3859999994039533533, -0.24412302618434195134, 7.3859999994039533533, 0.032255907590885327108, 7.3859999994039533533, -0.59604586582128593619, 7.3859999994039533533, 0.81681860995838673212, 7.3859999994039533533, -0.4091196077370586881
7.4859999994039538862, -0.24868124049014467269, 7.4859999994039538862, 0.029192168866653996073, 7.4859999994039538862, -0.55046742556895578158, 7.4859999994039538862, 0.81657552284040013646, 7.4859999994039538862, -0.41789399524439557743
7.5859999994039535309, -0.25507883106402134965, 7.5859999994039535309, 0.026466640196181796113, 7.5859999994039535309, -0.49822464734075211368, 7.5859999994039535309, 0.81418502567947304005, 7.5859999994039535309, -0.42716800733929061185
7.6859999994039540638, -0.26569072623758854812, 7.6859999994039540638, 0.021171007407486709673, 7.6859999994039540638, -0.44387075958350541427, 7.6859999994039540638, 0.80868825551428114018, 7.6859999994039540638, -0.43584516042529131141
7.7859999994039537086, -0.2693327710790444085, 7.7859999994039537086, 0.017195252297377502243, 7.7859999994039537086, -0.39225147677694394144, 7.7859999994039537086, 0.80175811339606339878, 7.7859999994039537086, -0.4433589142768722402
7.8859999994039533533, -0.28369203720434393867, 7.8859999994039533533, 0.011885915337789100879, 7.8859999994039533533, -0.34915123141130283146, 7.8859999994039533533, 0.79379967325521849641, 7.8859999994039533533, -0.44923146892196980096
7.985999999403952998, -0.28591040116239929691, 7.985999999403952998, 0.012244278733165029488, 7.985999999403952998, -0.31839235010781119506, 7.985999999403952998, 0.78707409250724846839, 7.985999999403952998, -0.45270754566148685427
8.0859999994039544191, -0.28739580352215704506, 8.0859999994039544191, 0.0090326682384602677983, 8.0859999994039544191, -0.30397699522073157175, 8.0859999994039544191, 0.7846221173554636108, 8.0859999994039544191, -0.45464120747974251513
8.1859999994039540638, -0.2848396519960328388, 8.1859999994039540638, 0.0098740659530330929933, 8.1859999994039540638, -0.29532217957436190936, 8.1859999994039540638, 0.78250425399574552454, 8.1859999994039540638, -0.45539448044802594007
8.2859999994039537086, -0.28225046119695745839, 8.2859999994039537086, 0.008324411999543746693, 8.2859999994039537086, -0.29128580072626047981, 8.2859999994039537086, 0.78169310639446831779, 8.2859999994039537086, -0.45588634288904000824
