# /sim/motor_data/time_float/data, /sim/motor_data/positions/data/11, /sim/motor_data/time_float/data, /sim/motor_data/positions/data/12, /sim/motor_data/time_float/data, /sim/motor_data/positions/data/13, /sim/motor_data/time_float/data, /sim/motor_data/positions/data/14
0.085999999403953558685, 0.00080280346941331739812, 0.085999999403953558685, 0.0034162860625431327143, 0.085999999403953558685, 0.0015600657520887437329, 0.085999999403953558685, 0.040888153145152240919
0.18599999940395356424, 0.0048894804190832853036, 0.18599999940395356424, 0.0042390152679506144448, 0.18599999940395356424, -0.002458524890541946735, 0.18599999940395356424, 0.070390996459126345397
0.28599999940395354203, 0.0077764438281414174914, 0.28599999940395354203, 0.0054895666550007181372, 0.28599999940395354203, -0.0051370491236863548637, 0.28599999940395354203, 0.084101085002211806163
0.38599999940395357534, 0.010221339877259663642, 0.38599999940395357534, 0.0064319177229750735744, 0.38599999940395357534, -0.0087357337789905932512, 0.38599999940395357534, 0.09323569265768409664
0.48599999940395355313, 0.011470613557538422711, 0.48599999940395355313, 0.0052954353017318723726, 0.48599999940395355313, -0.0069186755295151504755, 0.48599999940395355313, 0.095626437919401785503
0.58599999940395353093, 0.011070362680579074258, 0.58599999940395353093, 0.007287943026045622108, 0.58599999940395353093, -0.010418787999400177732, 0.58599999940395353093, 0.09822975845241259385
0.68599999940395361975, 0.010049971338070142618, 0.68599999940395361975, 0.0033267736984397902611, 0.68599999940395361975, -0.0033467456590039025913, 0.68599999940395361975, 0.096262287841874252803
0.78599999940395359754, 0.0096921638623515757316, 0.78599999940395359754, 0.0066967302444613553691, 0.78599999940395359754, -0.0090936223647031799722, 0.78599999940395359754, 0.09747432816768351882
0.88599999940395357534, 0.010092369876530015577, 0.88599999940395357534, 0.0023298798643934205341, 0.88599999940395357534, -0.0016503790056935725618, 0.88599999940395357534, 0.096735402022543132139
0.98599999940395366416, 0.011173704884490785749, 0.98599999940395366416, 0.0069120413336961217948, 0.98599999940395366416, -0.009949465329927641849, 0.98599999940395366416, 0.098773786383159783986
1.0859999994039535309, 0.011510393444467666504, 1.0859999994039535309, -0.00010558662880550285373, 1.0859999994039535309, 0.00083459846374472586913, 1.0859999994039535309, 0.098124300610673911849
1.1859999994039536197, 0.011233779438902252376, 1.1859999994039536197, 0.0026466658233453245128, 1.1859999994039536197, -0.0045628420212590198313, 1.1859999994039536197, 0.099131902418206754857
1.2859999994039534865, 0.010322953618594192526, 1.2859999994039534865, -0.0027346201427551107901, 1.2859999994039534865, 0.0047394758008995280588, 1.2859999994039534865, 0.097056795710056584237
1.3859999994039535753, 0.010070195749899934351, 1.3859999994039535753, 0.0013908397854434303986, 1.3859999994039535753, -0.0025137556675122576036, 1.3859999994039535753, 0.097896830595065681413
1.4859999994039536642, 0.010313531456334793651, 1.4859999994039536642, -0.0031035500810325288359, 1.4859999994039536642, 0.0052362594218931905743, 1.4859999994039536642, 0.096641077566625196993
1.5859999994039535309, 0.011267011713906174147, 1.5859999994039535309, 0.0011770213281687494367, 1.5859999994039535309, -0.0026659049844934392184, 1.5859999994039535309, 0.098635101548447567943
1.6859999994039536197, 0.011559173489933438281, 1.6859999994039536197, -0.0025030804080951639737, 1.6859999994039536197, 0.0038942073573781203766, 1.6859999994039536197, 0.098049546595207690003
1.7859999994039534865, 0.011048277905774320576, 1.7859999994039534865, 0.00098535628039316740072, 1.7859999994039534865, -0.002117403732440026505, 1.7859999994039534865, 0.098551706006303682606
1.8859999994039535753, 0.010341015620908973818, 1.8859999994039535753, -0.0035491168951508654875, 1.8859999994039535753, 0.0061543443604642426165, 1.8859999994039535753, 0.096781210528864514142
1.9859999994039534421, 0.010267694405588966011, 1.9859999994039534421, 0.00089689709537553279073, 1.9859999994039534421, -0.0017227550132789650264, 1.9859999994039534421, 0.097547133352746243085
2.0859999994039535309, 0.010943772227847162193, 2.0859999994039535309, 0.00028142642626381367396, 2.0859999994039535309, 0.00080567684147655506399, 2.0859999994039535309, 0.097308402394364723609
2.1859999994039536197, 0.02121296052845409244, 2.1859999994039536197, -0.035703962739121970771, 2.1859999994039536197, 0.062508462473175652185, 2.1859999994039536197, 0.09102562514413947703
2.2859999994039537086, 0.015612324320536467501, 2.2859999994039537086, -0.0070961556648908045639, 2.2859999994039537086, 0.014714788738214747491, 2.2859999994039537086, 0.098367987833946859966
2.3859999994039537974, 0.01241232228977109768, 2.3859999994039537974, -0.0016980124905034109373, 2.3859999994039537974, 0.0036931372596402398459, 2.3859999994039537974, 0.096075196712444577152
2.4859999994039534421, 0.010917429190065660455, 2.4859999994039534421, 0.0061252614309755216634, 2.4859999994039534421, -0.0069279775663177705497, 2.4859999994039534421, 0.097528074243404247468
2.5859999994039535309, 0.010752748938617155694, 2.5859999994039535309, 0.0038343206950549645409, 2.5859999994039535309, -0.0046534990173445313702, 2.5859999994039535309, 0.095998948927329921799
2.6859999994039536197, 0.011446679654571139881, 2.6859999994039536197, 0.0081584182138941634121, 2.6859999994039536197, -0.010957116258416563573, 2.6859999994039536197, 0.098421090026655513872
2.7859999994039537086, 0.011759746536318508442, 2.7859999994039537086, 0.0055681052565437431229, 2.7859999994039537086, -0.0077670879819939477387, 2.7859999994039537086, 0.097252823171592131524
2.8859999994039537974, 0.011761859785414826435, 2.8859999994039537974, 0.0089132365095687428325, 2.8859999994039537974, -0.012258807377203419578, 2.8859999994039537974, 0.098910531255400030437
2.9859999994039534421, 0.010780352202891025151, 2.9859999994039534421, 0.0054157154079761352788, 2.9859999994039534421, -0.0070995326233140422859, 2.9859999994039534421, 0.09614687772715986569
3.0859999994039535309, 0.010336887153559619346, 3.0859999994039535309, 0.0077898659312550235997, 3.0859999994039535309, -0.0098472813190769101221, 3.0859999994039535309, 0.097637383270964606119
3.1859999994039536197, 0.010836439563234222944, 3.1859999994039536197, 0.0045834281923656516877, 3.1859999994039536197, -0.0057602803397620140971, 3.1859999994039536197, 0.096102719402456654452
3.2859999994039537086, 0.011471347062151433099, 3.2859999994039537086, 0.0089839211831810560083, 3.2859999994039537086, -0.012239865529382066775, 3.2859999994039537086, 0.09818190946152920151
3.3859999994039537974, 0.011483133250847729276, 3.3859999994039537974, 0.0052706121986856434986, 3.3859999994039537974, -0.0069147311260020051862, 3.3859999994039537974, 0.096498677306435118317
3.4859999994039534421, 0.011599988352876637945, 3.4859999994039534421, 0.0091319801818578218155, 3.4859999994039534421, -0.01249407893553275764, 3.4859999994039534421, 0.098451698019150629682
3.5859999994039535309, 0.010782829103957100592, 3.5859999994039535309, 0.0053950154666900593942, 3.5859999994039535309, -0.0068216444286792301058, 3.5859999994039535309, 0.09595307213807370561
3.6859999994039536197, 0.010572910442802029019, 3.6859999994039536197, 0.0082642295250171630971, 3.6859999994039536197, -0.010742189056166801323, 3.6859999994039536197, 0.097872579828192668439
3.7859999994039537086, 0.01102096047548726393, 3.7859999994039537086, 0.004838670295457375356, 3.7859999994039537086, -0.0059432364367241865069, 3.7859999994039537086, 0.096225312389439529581
3.8859999994039537974, 0.01149703326162628339, 3.8859999994039537974, 0.0093974026529612415121, 3.8859999994039537974, -0.012893338596437370694, 3.8859999994039537974, 0.098140676576705943024
3.9859999994039538862, 0.011450698969194003304, 3.9859999994039538862, 0.0052795289742859907722, 3.9859999994039538862, -0.0066510493276967343548, 3.9859999994039538862, 0.096486095191592402553
4.0859999994039535309, 0.011334464869713546664, 4.0859999994039535309, 0.008704093174917614667, 4.0859999994039535309, -0.011570352590718261526, 4.0859999994039535309, 0.098496639348273781756
4.1859999994039540638, 0.010684279983788983956, 4.1859999994039540638, 0.0045591917017829232048, 4.1859999994039540638, -0.0051154117220852503636, 4.1859999994039540638, 0.096371635101488550834
4.2859999994039537086, 0.01106196461149690051, 4.2859999994039537086, 0.0093152158867118896313, 4.2859999994039537086, -0.01261464873866090762, 4.2859999994039537086, 0.098145615576762532117
4.3859999994039533533, 0.011272777965222087471, 4.3859999994039533533, 0.005119897301699882948, 4.3859999994039533533, -0.0061711524672544816952, 4.3859999994039533533, 0.096439721367727562762
4.4859999994039538862, 0.011517719026697346638, 4.4859999994039538862, 0.0096289055900083547757, 4.4859999994039538862, -0.013270256558366869473, 4.4859999994039538862, 0.098144280009734491399
4.5859999994039535309, 0.011297011945992464083, 4.5859999994039535309, 0.0054792391108727201907, 4.5859999994039535309, -0.0066595814105609553793, 4.5859999994039535309, 0.096567894736709986026
4.6859999994039540638, 0.010994387902428227194, 4.6859999994039540638, 0.0091232787669933666785, 4.6859999994039540638, -0.012257275248223816269, 4.6859999994039540638, 0.098306810896887919515
4.7859999994039537086, 0.011048163208882836109, 4.7859999994039537086, 0.0045888262434337591042, 4.7859999994039537086, -0.0050291310550316216735, 4.7859999994039537086, 0.096531459679613740299
4.8859999994039533533, 0.011421040239146959538, 4.8859999994039533533, 0.0094035570851066525161, 4.8859999994039533533, -0.012891547951842476094, 4.8859999994039533533, 0.098044608262009599886
4.9859999994039538862, 0.011400947369485778596, 4.9859999994039538862, 0.0051223956463557996852, 4.9859999994039538862, -0.0058689330624201565059, 4.9859999994039538862, 0.096546824939345715633
5.0859999994039535309, 0.011151913089896920914, 5.0859999994039535309, 0.0087687391032178364086, 5.0859999994039535309, -0.011700659244483139002, 5.0859999994039535309, 0.098234575292390782786
