# /sim/motor_data/time_float/data, /sim/motor_data/torques/data/11, /sim/motor_data/time_float/data, /sim/motor_data/torques/data/12, /sim/motor_data/time_float/data, /sim/motor_data/torques/data/13, /sim/motor_data/time_float/data, /sim/motor_data/torques/data/14
0.085999999403953558685, -12.792533325138720102, 0.085999999403953558685, -3.2577420734809678926, 0.085999999403953558685, -0.78976363888693024151, 0.085999999403953558685, -13.744912981241229843
0.18599999940395356424, -14.615550451636329043, 0.18599999940395356424, -2.3807731317000788707, 0.18599999940395356424, 0.26311054940113365319, 0.18599999940395356424, -14.652062103327221365
0.28599999940395354203, -15.497544777172880259, 0.28599999940395354203, -2.2501972051768994731, 0.28599999940395354203, 0.98874054191148086357, 0.28599999940395354203, -14.889541487328308733
0.38599999940395357534, -15.672418911243051198, 0.38599999940395357534, -2.4649178415642158946, 0.38599999940395357534, 0.53241542115122475476, 0.38599999940395357534, -14.871017273064563113
0.48599999940395355313, -15.347862568699078167, 0.48599999940395355313, -3.5618089503969057041, 0.48599999940395355313, -0.074160102559045648629, 0.48599999940395355313, -14.767720619471564447
0.58599999940395353093, -13.438956322107330266, 0.58599999940395353093, -1.279439267885550624, 0.58599999940395353093, 1.1102650406716119136, 0.58599999940395353093, -13.29637931991208788
0.68599999940395361975, -13.035952279199671366, 0.68599999940395361975, -6.8907083915721747402, 0.68599999940395361975, -2.0848350001808912957, 0.68599999940395361975, -12.433387907049548105
0.78599999940395359754, -10.910037260974046802, 0.78599999940395359754, -0.79237010467454049856, 0.78599999940395359754, 0.5576243943059705499, 0.78599999940395359754, -12.084551787708296189
0.88599999940395357534, -13.112270232592759811, 0.88599999940395357534, -6.5025448114768060748, 0.88599999940395357534, -1.8928663924398991814, 0.88599999940395357534, -12.526818538942970704
0.98599999940395366416, -11.853311033881041681, 0.98599999940395366416, -1.4510341171764558066, 0.98599999940395366416, 0.13600439779912304461, 0.98599999940395366416, -12.286117615849523332
1.0859999994039535309, -14.362928342298733497, 1.0859999994039535309, -5.8148991567685461845, 1.0859999994039535309, -1.389227739942412887, 1.0859999994039535309, -13.326436958443524716
1.1859999994039536197, -12.325975703596222743, 1.1859999994039536197, -2.5626499193341287786, 1.1859999994039536197, -0.38491518681883785113, 1.1859999994039536197, -12.458877705701715044
1.2859999994039534865, -13.206671388256628674, 1.2859999994039534865, -5.2685952169918106591, 1.2859999994039534865, -1.2095424243649306462, 1.2859999994039534865, -12.794097733964747476
1.3859999994039535753, -11.702494078832707203, 1.3859999994039535753, -3.3279349996428191361, 1.3859999994039535753, -0.89382270004466501945, 1.3859999994039535753, -11.883917556207769906
1.4859999994039536642, -13.119874606857786503, 1.4859999994039536642, -4.7532117302793004399, 1.4859999994039536642, -1.0698356950758993733, 1.4859999994039536642, -12.868171153533626949
1.5859999994039535309, -12.581122271550892577, 1.5859999994039535309, -3.9334756662112870806, 1.5859999994039535309, -1.1375166509727829833, 1.5859999994039535309, -12.351041090488530827
1.6859999994039536197, -13.449546439606233861, 1.6859999994039536197, -3.8964465005436585976, 1.6859999994039536197, -0.5778645809271590883, 1.6859999994039536197, -13.175647288456064032
1.7859999994039534865, -12.891495759102804541, 1.7859999994039534865, -4.5947828074146821464, 1.7859999994039534865, -1.3768703284538807985, 1.7859999994039534865, -12.452939098980870369
1.8859999994039535753, -12.836731779361555184, 1.8859999994039535753, -3.4329502813571362019, 1.8859999994039535753, -0.45935789547067246152, 1.8859999994039535753, -12.862795201890696362
1.9859999994039534421, -11.554099626672487133, 1.9859999994039534421, -6.285538820838558749, 1.9859999994039534421, -3.5125785175267085769, 1.9859999994039534421, -10.580499843259051573
2.0859999994039535309, -14.722453113674918157, 2.0859999994039535309, -6.1401220674445298187, 2.0859999994039535309, -1.3486376076542645475, 2.0859999994039535309, -14.11580682336524184
2.1859999994039536197, -11.249131329439057581, 2.1859999994039536197, 0.033014716225342993772, 2.1859999994039536197, 0.37160486233491946129, 2.1859999994039536197, -12.057397541008775477
2.2859999994039537086, -13.624959789392317333, 2.2859999994039537086, -6.6701257167192498088, 2.2859999994039537086, -2.4919547073665593295, 2.2859999994039537086, -12.407553369029681534
2.3859999994039537974, -11.878564983091244756, 2.3859999994039537974, -2.9991157659793032941, 2.3859999994039537974, -0.4193550338269005362, 2.3859999994039537974, -12.449893056622608256
2.4859999994039534421, -13.678882204536522593, 2.4859999994039534421, -6.7265546504764630598, 2.4859999994039534421, -2.3250989975951377176, 2.4859999994039534421, -12.673280784408015975
2.5859999994039535309, -12.477648519263736304, 2.5859999994039535309, -2.9744284120442530117, 2.5859999994039535309, -0.67089600122485049116, 2.5859999994039535309, -12.581438085831051055
2.6859999994039536197, -13.819378709525707905, 2.6859999994039536197, -5.8336000151877946962, 2.6859999994039536197, -1.7111309942018964048, 2.6859999994039536197, -13.113419026224066855
2.7859999994039537086, -12.670473390383833134, 2.7859999994039537086, -4.3377950914338905264, 2.7859999994039537086, -1.1652355863219014953, 2.7859999994039537086, -12.344209844891915751
2.8859999994039537974, -13.025377977776273042, 2.8859999994039537974, -4.4841591290178630658, 2.8859999994039537974, -1.2436989682027934645, 2.8859999994039537974, -12.802905237047569997
2.9859999994039534421, -13.029314542623220419, 2.9859999994039534421, -5.1497831472710959844, 2.9859999994039534421, -1.6147623118843612566, 2.9859999994039534421, -12.47082287140294099
3.0859999994039535309, -12.882879128121617285, 3.0859999994039535309, -4.111949679756049747, 3.0859999994039535309, -0.90244855074943652884, 3.0859999994039535309, -12.899945005796555009
3.1859999994039536197, -13.5322450426897678, 3.1859999994039536197, -6.2291052359914340641, 3.1859999994039536197, -1.9484099201528806145, 3.1859999994039536197, -12.603418004069546043
3.2859999994039537086, -12.457454002155644801, 3.2859999994039537086, -3.2873533654888604794, 3.2859999994039537086, -0.76038120619333315897, 3.2859999994039537086, -12.519998828477374886
3.3859999994039537974, -13.4856760847349193, 3.3859999994039537974, -5.5387773030736404678, 3.3859999994039537974, -1.6028488981547011072, 3.3859999994039537974, -12.90746251391944277
3.4859999994039534421, -12.859512838904084475, 3.4859999994039534421, -4.79307822473426004, 3.4859999994039534421, -1.4320526199477003892, 3.4859999994039534421, -12.44656275837527204
3.5859999994039535309, -13.152940064523551911, 3.5859999994039535309, -4.2738597880074271629, 3.5859999994039535309, -1.0586553931852951127, 3.5859999994039535309, -12.921258937119558752
3.6859999994039536197, -13.035265830542741128, 3.6859999994039536197, -5.0257141650256809129, 3.6859999994039536197, -1.5220939540643054766, 3.6859999994039536197, -12.421490600903229762
3.7859999994039537086, -12.702272110396387816, 3.7859999994039537086, -3.7418149607120794187, 3.7859999994039537086, -0.76642986975609106448, 3.7859999994039537086, -12.810050655812197817
3.8859999994039537974, -13.584168686914432911, 3.8859999994039537974, -6.2775762678323268062, 3.8859999994039537974, -1.9598500466418549149, 3.8859999994039537974, -12.68781281355400381
3.9859999994039538862, -12.522478107878837861, 3.9859999994039538862, -3.540440926462659732, 3.9859999994039538862, -0.90500925120816178016, 3.9859999994039538862, -12.484033591993593859
4.0859999994039535309, -13.419941143830754982, 4.0859999994039535309, -5.255176091984000486, 4.0859999994039535309, -1.5013743475242025127, 4.0859999994039535309, -12.94942158722397707
4.1859999994039540638, -12.926721746278227343, 4.1859999994039540638, -5.0638298920936550829, 4.1859999994039540638, -1.5175712499362374874, 4.1859999994039540638, -12.44782946236882637
4.2859999994039537086, -13.09819363911478618, 4.2859999994039537086, -4.2821710947836972849, 4.2859999994039537086, -1.0442054400643268064, 4.2859999994039537086, -12.914927494982073597
4.3859999994039533533, -13.161690806844045909, 4.3859999994039533533, -5.1046372363286494078, 4.3859999994039533533, -1.5950219282226349993, 4.3859999994039533533, -12.434361898701801863
4.4859999994039538862, -12.525982359853150783, 4.4859999994039538862, -3.1299576252172811586, 4.4859999994039538862, -0.60967103050402482456, 4.4859999994039538862, -12.692351202388062248
4.5859999994039535309, -13.597738360641645983, 4.5859999994039535309, -6.1553336764560224736, 4.5859999994039535309, -1.8762000475487865536, 4.5859999994039535309, -12.782137477114329016
4.6859999994039540638, -12.662432018794639532, 4.6859999994039540638, -4.0813547793724334056, 4.6859999994039540638, -1.1475863402746417918, 4.6859999994039540638, -12.449383694195809369
4.7859999994039537086, -13.28049161793538957, 4.7859999994039537086, -4.6927002154451384897, 4.7859999994039537086, -1.2521085749124425401, 4.7859999994039537086, -12.941374301541667791
4.8859999994039533533, -12.975663984835765774, 4.8859999994039533533, -5.1824447506876261116, 4.8859999994039533533, -1.5542687441993314756, 4.8859999994039533533, -12.444192171719246076
4.9859999994039538862, -12.970999849926696967, 4.9859999994039538862, -4.389824021413646804, 4.9859999994039538862, -1.0256279600398903185, 4.9859999994039538862, -12.907898508356280942
5.0859999994039535309, -13.452428910137362195, 5.0859999994039535309, -6.0251464576273905394, 5.0859999994039535309, -1.9223270772030296438, 5.0859999994039535309, -12.551760112372051026
