# /sim/motor_data/time_float/data, /sim/motor_data/positions/data/0, /sim/motor_data/time_float/data, /sim/motor_data/positions/data/1, /sim/motor_data/time_float/data, /sim/motor_data/positions/data/2, /sim/motor_data/time_float/data, /sim/motor_data/positions/data/3, /sim/motor_data/time_float/data, /sim/motor_data/positions/data/4
0.085999999403953558685, 0.00051228341891749714157, 0.085999999403953558685, 0.0012709641370963996321, 0.085999999403953558685, -0.29610626761605263191, 0.085999999403953558685, 0.79094192849849020988, 0.085999999403953558685, -0.45602153213484769578
0.18599999940395356424, 0.00083072891866167188589, 0.18599999940395356424, 0.001063670303453129011, 0.18599999940395356424, -0.29592370861059136278, 0.18599999940395356424, 0.79181455661343169705, 0.18599999940395356424, -0.45695987411812721835
0.28599999940395354203, 0.0015830588619491817691, 0.28599999940395354203, 0.0029718857207440287603, 0.28599999940395354203, -0.29612562553842025626, 0.28599999940395354203, 0.79248788733646413629, 0.28599999940395354203, -0.45740490819514212362
0.38599999940395357534, 0.001874118694146512977, 0.38599999940395357534, 0.0011877879505959346943, 0.38599999940395357534, -0.29596379493335361888, 0.38599999940395357534, 0.79229129454463598226, 0.38599999940395357534, -0.45733673127318452689
0.48599999940395355313, 0.00259118588011598679, 0.48599999940395355313, 0.0027076267640150086802, 0.48599999940395355313, -0.29586774149666844602, 0.48599999940395355313, 0.79226654786840600142, 0.48599999940395355313, -0.45741286111377160717
0.58599999940395353093, 0.0031029691684926192889, 0.58599999940395353093, 0.0015660808214555954621, 0.58599999940395353093, -0.29592512144242977268, 0.58599999940395353093, 0.79254895772112166075, 0.58599999940395353093, -0.45761441526665119772
0.68599999940395361975, 0.0036319123087894993399, 0.68599999940395361975, 0.0027550229913419028646, 0.68599999940395361975, -0.29585582098036422583, 0.68599999940395361975, 0.79261340251950618274, 0.68599999940395361975, -0.45771919740725847126
0.78599999940395359754, 0.0043045578155839593973, 0.78599999940395359754, 0.0018741772750770575775, 0.78599999940395359754, -0.29575428136701570336, 0.78599999940395359754, 0.7925558303026417617, 0.78599999940395359754, -0.4577687927675645474
0.88599999940395357534, 0.0047050942300766365051, 0.88599999940395357534, 0.002702715695024266937, 0.88599999940395357534, -0.29558819646118722479, 0.88599999940395357534, 0.79238641564561573816, 0.88599999940395357534, -0.45773986468097555003
0.98599999940395366416, 0.0053706060519760822833, 0.98599999940395366416, 0.001838757327349485951, 0.98599999940395366416, -0.29545128621633032218, 0.98599999940395366416, 0.79222343199100686562, 0.98599999940395366416, -0.45773582786055611038
1.0859999994039535309, 0.0057078254787030066261, 1.0859999994039535309, 0.0026379886567670057622, 1.0859999994039535309, -0.29536831175131922356, 1.0859999994039535309, 0.79221257857938798264, 1.0859999994039535309, -0.45777535616762982107
1.1859999994039536197, 0.0062936250106977471158, 1.1859999994039536197, 0.0019496350406907065732, 1.1859999994039536197, -0.29536970112725069448, 1.1859999994039536197, 0.79236991267157685925, 1.1859999994039536197, -0.45792015759709719935
1.2859999994039534865, 0.0065582065580816750749, 1.2859999994039534865, 0.0028384655265953832697, 1.2859999994039534865, -0.2953027115968203109, 1.2859999994039534865, 0.7924034385705174266, 1.2859999994039534865, -0.45797838193017764707
1.3859999994039535753, 0.0071832540306584887965, 1.3859999994039535753, 0.002132865005230989968, 1.3859999994039535753, -0.29522659762106101544, 1.3859999994039535753, 0.79237493822406301902, 1.3859999994039535753, -0.45803767444071552539
1.4859999994039536642, 0.0073959903037112140201, 1.4859999994039536642, 0.0028643492265167814353, 1.4859999994039536642, -0.29511311117950650429, 1.4859999994039536642, 0.79226957375647932835, 1.4859999994039536642, -0.45801732369700232095
1.5859999994039535309, 0.0079623511205006158864, 1.5859999994039535309, 0.0020794178250303978032, 1.5859999994039535309, -0.29498509518528193141, 1.5859999994039535309, 0.79210298740476359214, 1.5859999994039535309, -0.45799916340682073068
1.6859999994039536197, 0.0081581046817603020821, 1.6859999994039536197, 0.0027771986493457675137, 1.6859999994039536197, -0.29491832702486669993, 1.6859999994039536197, 0.79205959836142880715, 1.6859999994039536197, -0.45800437856766446076
1.7859999994039534865, 0.0087561047127705515791, 1.7859999994039534865, 0.0021871894355332895284, 1.7859999994039534865, -0.2949845936034279914, 1.7859999994039534865, 0.79229958819407242387, 1.7859999994039534865, -0.45819189289908401896
1.8859999994039535753, 0.0089164039942028674307, 1.8859999994039535753, 0.0029076077266971893896, 1.8859999994039535753, -0.2949086987687318806, 1.8859999994039535753, 0.79226526645301431628, 1.8859999994039535753, -0.45820035769226413747
1.9859999994039534421, 0.009559627536119982838, 1.9859999994039534421, 0.0023240315352335248755, 1.9859999994039534421, -0.29484743746584668456, 1.9859999994039534421, 0.79223470471722567954, 1.9859999994039534421, -0.45826060905136917212
2.0859999994039535309, 0.0097371231076536415155, 2.0859999994039535309, 0.0028119389737242834332, 2.0859999994039535309, -0.29470607346460631071, 2.0859999994039535309, 0.79199939084752069007, 2.0859999994039535309, -0.45816606891552846825
2.1859999994039536197, 0.010335229901895250787, 2.1859999994039536197, 0.0020351914238907202644, 2.1859999994039536197, -0.29455486054895491099, 2.1859999994039536197, 0.7908473325780503993, 2.1859999994039536197, -0.45767698254720923234
2.2859999994039537086, 0.0109419160190754889, 2.2859999994039537086, 0.0015633114521603687797, 2.2859999994039537086, -0.2948926150093373888, 2.2859999994039537086, 0.79194101115895065846, 2.2859999994039537086, -0.45825276330092523658
2.3859999994039537974, 0.012176452930147282916, 2.3859999994039537974, 0.0032977027667419681056, 2.3859999994039537974, -0.29490380107920266539, 2.3859999994039537974, 0.79226921700361663259, 2.3859999994039537974, -0.4585453671452742741
2.4859999994039534421, 0.012158933319218434913, 2.4859999994039534421, 0.0017803182739737691536, 2.4859999994039534421, -0.29479276980298707578, 2.4859999994039534421, 0.79232887952413710853, 2.4859999994039534421, -0.45859261622132885261
2.5859999994039535309, 0.013318240231302033369, 2.5859999994039535309, 0.0035505764522303926226, 2.5859999994039535309, -0.2945258475320562952, 2.5859999994039535309, 0.79203454284907026661, 2.5859999994039535309, -0.4585891493586066181
2.6859999994039536197, 0.013324949449046396416, 2.6859999994039536197, 0.0017170068609908615935, 2.6859999994039536197, -0.29442606256501002715, 2.6859999994039536197, 0.79197299540761667558, 2.6859999994039536197, -0.45856426586675297363
2.7859999994039537086, 0.014450346071919332666, 2.7859999994039537086, 0.0035075971835553374813, 2.7859999994039537086, -0.29426211132006724336, 2.7859999994039537086, 0.7918152445647650417, 2.7859999994039537086, -0.4586206284481931239
2.8859999994039537974, 0.014477220748028520048, 2.8859999994039537974, 0.0017580149672433680996, 2.8859999994039537974, -0.29427191032234017998, 2.8859999994039537974, 0.79195987246253585212, 2.8859999994039537974, -0.45869823870418879874
2.9859999994039534421, 0.01560798866846619358, 2.9859999994039534421, 0.0036495317188693175009, 2.9859999994039534421, -0.2942437956052104675, 2.9859999994039534421, 0.79206179344953442367, 2.9859999994039534421, -0.45888491366035122354
3.0859999994039535309, 0.015682298817764242505, 3.0859999994039535309, 0.0019368995323275118876, 3.0859999994039535309, -0.29416424065669999344, 3.0859999994039535309, 0.79205561306100991104, 3.0859999994039535309, -0.45889465546941160534
3.1859999994039536197, 0.016764905612916519706, 3.1859999994039536197, 0.0036530435199848888296, 3.1859999994039536197, -0.29396190555770351782, 3.1859999994039536197, 0.79180059862812379734, 3.1859999994039536197, -0.45889703884587756955
3.2859999994039537086, 0.016826305355934843833, 3.2859999994039537086, 0.0019004141251183390929, 3.2859999994039537086, -0.29391602237906355732, 3.2859999994039537086, 0.79181637367280888196, 3.2859999994039537086, -0.45891379579528290833
3.3859999994039537974, 0.017873923299465948461, 3.3859999994039537974, 0.0036543753408503514869, 3.3859999994039537974, -0.2938124994738429141, 3.3859999994039537974, 0.79175056604467952681, 3.3859999994039537974, -0.45900548788722222993
3.4859999994039534421, 0.017969308698264564034, 3.4859999994039534421, 0.0019618287129421676379, 3.4859999994039534421, -0.29376196792407965885, 3.4859999994039534421, 0.79177445387769784801, 3.4859999994039534421, -0.4590301070102087988
3.5859999994039535309, 0.01902145599346437288, 3.5859999994039535309, 0.0037393007992593931335, 3.5859999994039535309, -0.29373454355965966656, 3.5859999994039535309, 0.7918594078201903752, 3.5859999994039535309, -0.45919835681851672859
3.6859999994039536197, 0.019186210343573980447, 3.6859999994039536197, 0.0020938473122938320962, 3.6859999994039536197, -0.29361951237121930447, 3.6859999994039536197, 0.79178417362278696867, 3.6859999994039536197, -0.45918398507955621168
3.7859999994039537086, 0.02017823437019643576, 3.7859999994039537086, 0.0037260869517510993541, 3.7859999994039537086, -0.29347309116382691574, 3.7859999994039537086, 0.79162129479865184223, 3.7859999994039537086, -0.45922053205199120374
3.8859999994039537974, 0.020343239832165772862, 3.8859999994039537974, 0.002100349506348926816, 3.8859999994039537974, -0.29342162755555667442, 3.8859999994039537974, 0.79164023101982727848, 3.8859999994039537974, -0.45925197394357353264
3.9859999994039538862, 0.021296900832272775556, 3.9859999994039538862, 0.0037318143110533280246, 3.9859999994039538862, -0.29332604489408409254, 3.9859999994039538862, 0.79158164773567962769, 3.9859999994039538862, -0.45933553254232556418
4.0859999994039535309, 0.021500428611134374257, 4.0859999994039535309, 0.0021690491347285067135, 4.0859999994039535309, -0.29326916111645329188, 4.0859999994039535309, 0.79162233447768359795, 4.0859999994039535309, -0.45938200879533236387
4.1859999994039540638, 0.022421520943242782831, 4.1859999994039540638, 0.0038127279444276694458, 4.1859999994039540638, -0.29318044080030858378, 4.1859999994039540638, 0.79158732541693221929, 4.1859999994039540638, -0.45947586610547447306
4.2859999994039537086, 0.022691835172245093666, 4.2859999994039537086, 0.0022861975937917720578, 4.2859999994039537086, -0.29307164541333924346, 4.2859999994039537086, 0.79150808704287589634, 4.2859999994039537086, -0.45947395613394581559
4.3859999994039533533, 0.023565483496333868019, 4.3859999994039533533, 0.0037793541463714257905, 4.3859999994039533533, -0.29299190288685539318, 4.3859999994039533533, 0.79146328969306078971, 4.3859999994039533533, -0.45955303956052012682
4.4859999994039538862, 0.023847788171347941016, 4.4859999994039538862, 0.0023266992687630662709, 4.4859999994039538862, -0.29292238927922259473, 4.4859999994039538862, 0.79146213224384309726, 4.4859999994039538862, -0.45958988283897161953
4.5859999994039535309, 0.024685341441057235407, 4.5859999994039535309, 0.003795902839400071456, 4.5859999994039535309, -0.29284967569275860422, 4.5859999994039535309, 0.79143129504049491985, 4.5859999994039535309, -0.4596711058137849526
4.6859999994039540638, 0.025063929640101925006, 4.6859999994039540638, 0.0024434964219034599475, 4.6859999994039540638, -0.29275828887653415622, 4.6859999994039540638, 0.79142594274772237739, 4.6859999994039540638, -0.45971937786653321867
4.7859999994039537086, 0.025820714844488282941, 4.7859999994039537086, 0.0038279258801141311311, 4.7859999994039537086, -0.29265005536279248277, 4.7859999994039537086, 0.79133906176703638913, 4.7859999994039537086, -0.45976553823595561754
4.8859999994039533533, 0.026184969882632372351, 4.8859999994039533533, 0.002507299788988875261, 4.8859999994039533533, -0.29257401671152033495, 4.8859999994039533533, 0.7913310555222010656, 4.8859999994039533533, -0.45981172941854181468
4.9859999994039538862, 0.026904358396486326155, 4.9859999994039538862, 0.0038286160789349900184, 4.9859999994039538862, -0.29250063275753512837, 4.9859999994039538862, 0.79129293750318341338, 4.9859999994039538862, -0.45987436923980218317
5.0859999994039535309, 0.027324616859306028599, 5.0859999994039535309, 0.0026046508103142584217, 5.0859999994039535309, -0.29241545184096934262, 5.0859999994039535309, 0.79130106226048324558, 5.0859999994039535309, -0.45993535729069567886
