# /sim/motor_data/time_float/data, /sim/motor_data/positions/data/0, /sim/motor_data/time_float/data, /sim/motor_data/positions/data/1, /sim/motor_data/time_float/data, /sim/motor_data/positions/data/2, /sim/motor_data/time_float/data, /sim/motor_data/positions/data/3, /sim/motor_data/time_float/data, /sim/motor_data/positions/data/4
0.085999999403953558685, 0.00056512198005035155484, 0.085999999403953558685, 0.00033731167501454840376, 0.085999999403953558685, -0.29664413630257219223, 0.085999999403953558685, 0.79209535122355179126, 0.085999999403953558685, -0.45659777206771429148
0.18599999940395356424, 0.0016943524200472548889, 0.18599999940395356424, -0.0020017840512206166656, 0.18599999940395356424, -0.29815105980480349768, 0.18599999940395356424, 0.79648974480983136814, 0.18599999940395356424, -0.45942260400102336027
0.28599999940395354203, 0.0033558005767424410604, 0.28599999940395354203, -0.0010502744503324364014, 0.28599999940395354203, -0.29775912308607260792, 0.28599999940395354203, 0.79618768067052381188, 0.28599999940395354203, -0.4595437289701582162
0.38599999940395357534, 0.005234291063012510431, 0.38599999940395357534, -0.0025530313278071250713, 0.38599999940395357534, -0.29726281061567377817, 0.38599999940395357534, 0.79543254891214631996, 0.38599999940395357534, -0.45935325416567079904
0.48599999940395355313, 0.0068843488509922386859, 0.48599999940395355313, -0.0034800660176322597769, 0.48599999940395355313, -0.29696731434325651655, 0.48599999940395355313, 0.79521847288199321024, 0.48599999940395355313, -0.45943080756372367546
0.58599999940395353093, 0.0091378183053904792066, 0.58599999940395353093, -0.001155662840831747553, 0.58599999940395353093, -0.29673106389004405559, 0.58599999940395353093, 0.79531640945490855721, 0.58599999940395353093, -0.45974651410680128505
0.68599999940395361975, 0.0099630765572530644025, 0.68599999940395361975, -0.0027070845594450989799, 0.68599999940395361975, -0.29751396511115657528, 0.68599999940395361975, 0.79741096577907533138, 0.68599999940395361975, -0.46089856319016209163
0.78599999940395359754, 0.012021678264184971693, 0.78599999940395359754, -9.1310196092569582364e-05, 0.78599999940395359754, -0.29732513363639512249, 0.78599999940395359754, 0.79760735857274989158, 0.78599999940395359754, -0.46126430485422453831
0.88599999940395357534, 0.012506976479053471749, 0.88599999940395357534, -0.0015276877988994689433, 0.88599999940395357534, -0.29685201714610076618, 0.88599999940395357534, 0.79721838952514412213, 0.88599999940395357534, -0.46113787823304774882
0.98599999940395366416, 0.014175606619862293756, 0.98599999940395366416, 0.00030459132824412095538, 0.98599999940395366416, -0.2965322718711499439, 0.98599999940395366416, 0.79689447739454299935, 0.98599999940395366416, -0.46119363308665461965
1.0859999994039535309, 0.014787805789208172125, 1.0859999994039535309, -0.0015787880243050824922, 1.0859999994039535309, -0.29642613557540176128, 1.0859999994039535309, 0.79694194818561092664, 1.0859999994039535309, -0.46128958922224128081
1.1859999994039536197, 0.01607895645411043864, 1.1859999994039536197, 1.7773867678593292422e-05, 1.1859999994039536197, -0.29623137234937307882, 1.1859999994039536197, 0.79677770248394574892, 1.1859999994039536197, -0.46136063483854594658
1.2859999994039534865, 0.01703354170271078119, 1.2859999994039534865, -0.0011171970116568832529, 1.2859999994039534865, -0.29628608271418344078, 1.2859999994039534865, 0.79721478971869208507, 1.2859999994039534865, -0.46169130230170352114
1.3859999994039535753, 0.017846005280857783065, 1.3859999994039535753, 0.0001483370387368681642, 1.3859999994039535753, -0.29606443088637379724, 1.3859999994039535753, 0.79705644642600903538, 1.3859999994039535753, -0.46171862495505794355
1.4859999994039536642, 0.01907590851347958083, 1.4859999994039536642, -0.0004891387632953035549, 1.4859999994039536642, -0.29595552108321443452, 1.4859999994039536642, 0.79712945191178397053, 1.4859999994039536642, -0.46190532476246748406
1.5859999994039535309, 0.019589987712562977051, 1.5859999994039535309, -4.9839339593439626838e-05, 1.5859999994039535309, -0.29557550968267642943, 1.5859999994039535309, 0.7965952897181752812, 1.5859999994039535309, -0.46170152069083936208
1.6859999994039536197, 0.021097365786430840456, 1.6859999994039536197, -0.00031198154510589295313, 1.6859999994039536197, -0.29548014165476255144, 1.6859999994039536197, 0.79663024668678295015, 1.6859999994039536197, -0.46189924718544589366
1.7859999994039534865, 0.021380645957792720341, 1.7859999994039534865, -0.00042813744148462781064, 1.7859999994039534865, -0.29529891589160756071, 1.7859999994039534865, 0.79647744825008670588, 1.7859999994039534865, -0.4618521814747268972
1.8859999994039535753, 0.023115114166441495108, 1.8859999994039535753, 0.00012821420737234133372, 1.8859999994039535753, -0.2952629439580180537, 1.8859999994039535753, 0.7966413200146900131, 1.8859999994039535753, -0.46214769125287252782
1.9859999994039534421, 0.02318366834300474022, 1.9859999994039534421, -0.00061109858834681920342, 1.9859999994039534421, -0.29524698332642618226, 1.9859999994039534421, 0.79683737298061896315, 1.9859999994039534421, -0.46224712154243419171
2.0859999994039535309, 0.024335106099121657508, 2.0859999994039535309, 0.00085697566124862871537, 2.0859999994039535309, -0.29255195890275709214, 2.0859999994039535309, 0.78670693246030554135, 2.0859999994039535309, -0.45622292087768689939
2.1859999994039536197, 0.02441624815560395137, 2.1859999994039536197, -0.00025113160327802890991, 2.1859999994039536197, -0.29417672727766230878, 2.1859999994039536197, 0.79064973772805946517, 2.1859999994039536197, -0.45825865972351681465
2.2859999994039537086, 0.02590740880494939169, 2.2859999994039537086, 0.0020367110865208010173, 2.2859999994039537086, -0.29618881140400771246, 2.2859999994039537086, 0.79843481894068402127, 2.2859999994039537086, -0.46334339331616525293
2.3859999994039537974, 0.025876668766327010768, 2.3859999994039537974, -0.00034456105671415649316, 2.3859999994039537974, -0.29492786569275947217, 2.3859999994039537974, 0.79678228657046856753, 2.3859999994039537974, -0.46253845189949188699
2.4859999994039534421, 0.027229326852922151186, 2.4859999994039534421, 0.0009939934410466641241, 2.4859999994039534421, -0.29414395704848916857, 2.4859999994039534421, 0.79554511732070432029, 2.4859999994039534421, -0.46208542610549918628
2.5859999994039535309, 0.02730731242668195391, 2.5859999994039535309, -0.0013500597744749700743, 2.5859999994039535309, -0.29392681414615429158, 2.5859999994039535309, 0.79533693854220866015, 2.5859999994039535309, -0.46198498971773349631
2.6859999994039536197, 0.028371401131356506486, 2.6859999994039536197, 0.00049818552032953060307, 2.6859999994039536197, -0.29411250615000139597, 2.6859999994039536197, 0.79589943610455415879, 2.6859999994039536197, -0.46239449799090565074
2.7859999994039537086, 0.02903017184034572401, 2.7859999994039537086, -0.00053255703126028810374, 2.7859999994039537086, -0.29444865074817272443, 2.7859999994039537086, 0.796956813360219396, 2.7859999994039537086, -0.46301601496301691974
2.8859999994039537974, 0.029591070552203304483, 2.8859999994039537974, 0.0010591140611776116934, 2.8859999994039537974, -0.29402817709951795111, 2.8859999994039537974, 0.79641443339484618846, 2.8859999994039537974, -0.46283284304047866975
2.9859999994039534421, 0.030477261753277893469, 2.9859999994039534421, 0.00036095963977510572059, 2.9859999994039534421, -0.29371470360060303317, 2.9859999994039534421, 0.79605478810781482579, 2.9859999994039534421, -0.46277163970319601383
3.0859999994039535309, 0.030694282978003469692, 3.0859999994039535309, 0.00034895976594251885972, 3.0859999994039535309, -0.29333862633128049424, 3.0859999994039535309, 0.79536656673277006391, 3.0859999994039535309, -0.46244457559928414669
3.1859999994039536197, 0.031764760319645431175, 3.1859999994039536197, 0.00030348899478756041033, 3.1859999994039536197, -0.29341027851210282895, 3.1859999994039536197, 0.7956652933273875572, 3.1859999994039536197, -0.46272465431625436905
3.2859999994039537086, 0.031795238086789724685, 3.2859999994039537086, -0.00024934213047928384345, 3.2859999994039537086, -0.29348619443480727931, 3.2859999994039537086, 0.79592682190209851356, 3.2859999994039537086, -0.46284699503503523577
3.3859999994039537974, 0.033158505606098287455, 3.3859999994039537974, 0.0012596652305666158032, 3.3859999994039537974, -0.2935845618408600699, 3.3859999994039537974, 0.79634717964245860244, 3.3859999994039537974, -0.46324773900661875281
3.4859999994039534421, 0.033023689363310813893, 3.4859999994039534421, -0.00028229334568620213222, 3.4859999994039534421, -0.29332643868660834841, 3.4859999994039534421, 0.79599732556651381365, 3.4859999994039534421, -0.46303979309897014272
3.5859999994039535309, 0.034402478315604903547, 3.5859999994039535309, 0.0015651689535866547629, 3.5859999994039535309, -0.29306852020486279242, 3.5859999994039535309, 0.79564232915534471857, 3.5859999994039535309, -0.46305092658818575169
3.6859999994039536197, 0.034231441658225156277, 3.6859999994039536197, -0.00058612123510068305648, 3.6859999994039536197, -0.29307006970555510295, 3.6859999994039536197, 0.79574395705145928304, 3.6859999994039536197, -0.46305254073314261465
3.7859999994039537086, 0.035571090838287577895, 3.7859999994039537086, 0.0015192839764443580568, 3.7859999994039537086, -0.29294764017770880127, 3.7859999994039537086, 0.79561929910941131538, 3.7859999994039537086, -0.4631725417878383988
3.8859999994039537974, 0.03547318671852735944, 3.8859999994039537974, -0.00048642839253717801325, 3.8859999994039537974, -0.29298536303641015133, 3.8859999994039537974, 0.79590632388986570778, 3.8859999994039537974, -0.46328300214979800664
3.9859999994039538862, 0.036704519093005996688, 3.9859999994039538862, 0.0016583537751540115054, 3.9859999994039538862, -0.29275373464900716902, 3.9859999994039538862, 0.79555662748867916889, 3.9859999994039538862, -0.46327758920762918127
4.0859999994039535309, 0.036854386765737039144, 4.0859999994039535309, -0.00017606895446706152114, 4.0859999994039535309, -0.29273437144324743198, 4.0859999994039535309, 0.79574437327926839103, 4.0859999994039535309, -0.463381006492833869
4.1859999994039540638, 0.0377031868133543141, 4.1859999994039540638, 0.0014292312537736114909, 4.1859999994039540638, -0.29248840961431327168, 4.1859999994039540638, 0.79533280948582985026, 4.1859999994039540638, -0.46328224193742117976
4.2859999994039537086, 0.038152052393007201969, 4.2859999994039537086, 0.00010788582770195864996, 4.2859999994039537086, -0.29257650584534211635, 4.2859999994039537086, 0.79569807058763908358, 4.2859999994039537086, -0.4635197399166587906
4.3859999994039533533, 0.038607732508132555638, 4.3859999994039533533, 0.0010343943383827327535, 4.3859999994039533533, -0.2923842015183162335, 4.3859999994039533533, 0.79539342946904989518, 4.3859999994039533533, -0.4634160658863064608
4.4859999994039538862, 0.039555392570275668684, 4.4859999994039538862, 0.00071135061196186271954, 4.4859999994039538862, -0.29237111839540086411, 4.4859999994039538862, 0.79558815519918235637, 4.4859999994039538862, -0.46364183051942486902
4.5859999994039535309, 0.039572403477719758635, 4.5859999994039535309, 0.00059299067806952928967, 4.5859999994039535309, -0.29215667718125110097, 4.5859999994039535309, 0.79525682706529687849, 4.5859999994039535309, -0.46346548427077582932
4.6859999994039540638, 0.040714650587494280454, 4.6859999994039540638, 0.0012859031500090905686, 4.6859999994039540638, -0.2921858191023722906, 4.6859999994039540638, 0.79549284806371423073, 4.6859999994039540638, -0.46374352591932843648
4.7859999994039537086, 0.040541032408359517492, 4.7859999994039537086, 8.0152381877840209678e-05, 4.7859999994039537086, -0.29205668503825799043, 4.7859999994039537086, 0.79534945596679285096, 4.7859999994039537086, -0.46361944766243423643
4.8859999994039533533, 0.041784947445389949983, 4.8859999994039533533, 0.0019057678125037572515, 4.8859999994039533533, -0.29196606896186455549, 4.8859999994039533533, 0.79532753874016526296, 4.8859999994039533533, -0.4638008870248885307
4.9859999994039538862, 0.041532214614314388879, 4.9859999994039538862, -0.00012439008523361012068, 4.9859999994039538862, -0.29191674339197110077, 4.9859999994039538862, 0.79536604950823130977, 4.9859999994039538862, -0.46374912619652741697
5.0859999994039535309, 0.04272634962075480547, 5.0859999994039535309, 0.0021051847111456193501, 5.0859999994039535309, -0.29177197127068699167, 5.0859999994039535309, 0.79519286888180207296, 5.0859999994039535309, -0.46384903870515165059
